2022/06/25-09:56:10.417645 7f2b395d7cc0 RocksDB version: 6.17.0
2022/06/25-09:56:10.417805 7f2b395d7cc0 Git sha 0
2022/06/25-09:56:10.417839 7f2b395d7cc0 DB SUMMARY
2022/06/25-09:56:10.417841 7f2b395d7cc0 DB Session ID:  Y6ZAS85PKRBAX3AM978S
2022/06/25-09:56:10.417863 7f2b395d7cc0 CURRENT file:  CURRENT
2022/06/25-09:56:10.417864 7f2b395d7cc0 IDENTITY file:  IDENTITY
2022/06/25-09:56:10.417866 7f2b395d7cc0 MANIFEST file:  MANIFEST-000148 size: 22488 Bytes
2022/06/25-09:56:10.417867 7f2b395d7cc0 SST files in /home/moon/OpenProject/my-app/template-react-ts/.dfx/state/replicated_state/node-100/ic_consensus_pool/consensus dir, Total Num: 12, files: 000241.sst 000243.sst 000245.sst 000247.sst 000249.sst 000251.sst 000253.sst 000255.sst 000257.sst 
2022/06/25-09:56:10.417868 7f2b395d7cc0 Write Ahead Log file in /home/moon/OpenProject/my-app/template-react-ts/.dfx/state/replicated_state/node-100/ic_consensus_pool/consensus: 000239.log size: 6155623 ; 
2022/06/25-09:56:10.417869 7f2b395d7cc0                         Options.error_if_exists: 0
2022/06/25-09:56:10.417870 7f2b395d7cc0                       Options.create_if_missing: 1
2022/06/25-09:56:10.417870 7f2b395d7cc0                         Options.paranoid_checks: 1
2022/06/25-09:56:10.417871 7f2b395d7cc0                               Options.track_and_verify_wals_in_manifest: 0
2022/06/25-09:56:10.417872 7f2b395d7cc0                                     Options.env: 0x55c156f81380
2022/06/25-09:56:10.417873 7f2b395d7cc0                                      Options.fs: Posix File System
2022/06/25-09:56:10.417873 7f2b395d7cc0                                Options.info_log: 0x55c1908c6160
2022/06/25-09:56:10.417874 7f2b395d7cc0                Options.max_file_opening_threads: 16
2022/06/25-09:56:10.417874 7f2b395d7cc0                              Options.statistics: (nil)
2022/06/25-09:56:10.417875 7f2b395d7cc0                               Options.use_fsync: 1
2022/06/25-09:56:10.417876 7f2b395d7cc0                       Options.max_log_file_size: 0
2022/06/25-09:56:10.417876 7f2b395d7cc0                  Options.max_manifest_file_size: 1073741824
2022/06/25-09:56:10.417877 7f2b395d7cc0                   Options.log_file_time_to_roll: 0
2022/06/25-09:56:10.417878 7f2b395d7cc0                       Options.keep_log_file_num: 1000
2022/06/25-09:56:10.417878 7f2b395d7cc0                    Options.recycle_log_file_num: 0
2022/06/25-09:56:10.417879 7f2b395d7cc0                         Options.allow_fallocate: 1
2022/06/25-09:56:10.417880 7f2b395d7cc0                        Options.allow_mmap_reads: 0
2022/06/25-09:56:10.417880 7f2b395d7cc0                       Options.allow_mmap_writes: 0
2022/06/25-09:56:10.417881 7f2b395d7cc0                        Options.use_direct_reads: 0
2022/06/25-09:56:10.417881 7f2b395d7cc0                        Options.use_direct_io_for_flush_and_compaction: 0
2022/06/25-09:56:10.417882 7f2b395d7cc0          Options.create_missing_column_families: 1
2022/06/25-09:56:10.417883 7f2b395d7cc0                              Options.db_log_dir: 
2022/06/25-09:56:10.417883 7f2b395d7cc0                                 Options.wal_dir: /home/moon/OpenProject/my-app/template-react-ts/.dfx/state/replicated_state/node-100/ic_consensus_pool/consensus
2022/06/25-09:56:10.417884 7f2b395d7cc0                Options.table_cache_numshardbits: 6
2022/06/25-09:56:10.417884 7f2b395d7cc0                         Options.WAL_ttl_seconds: 0
2022/06/25-09:56:10.417885 7f2b395d7cc0                       Options.WAL_size_limit_MB: 0
2022/06/25-09:56:10.417886 7f2b395d7cc0                        Options.max_write_batch_group_size_bytes: 1048576
2022/06/25-09:56:10.417886 7f2b395d7cc0             Options.manifest_preallocation_size: 4194304
2022/06/25-09:56:10.417887 7f2b395d7cc0                     Options.is_fd_close_on_exec: 1
2022/06/25-09:56:10.417887 7f2b395d7cc0                   Options.advise_random_on_open: 1
2022/06/25-09:56:10.417888 7f2b395d7cc0                    Options.db_write_buffer_size: 0
2022/06/25-09:56:10.417889 7f2b395d7cc0                    Options.write_buffer_manager: 0x55c1908f3de0
2022/06/25-09:56:10.417889 7f2b395d7cc0         Options.access_hint_on_compaction_start: 1
2022/06/25-09:56:10.417929 7f2b395d7cc0  Options.new_table_reader_for_compaction_inputs: 0
2022/06/25-09:56:10.417931 7f2b395d7cc0           Options.random_access_max_buffer_size: 1048576
2022/06/25-09:56:10.417932 7f2b395d7cc0                      Options.use_adaptive_mutex: 0
2022/06/25-09:56:10.417932 7f2b395d7cc0                            Options.rate_limiter: (nil)
2022/06/25-09:56:10.417933 7f2b395d7cc0     Options.sst_file_manager.rate_bytes_per_sec: 0
2022/06/25-09:56:10.417934 7f2b395d7cc0                       Options.wal_recovery_mode: 2
2022/06/25-09:56:10.417934 7f2b395d7cc0                  Options.enable_thread_tracking: 0
2022/06/25-09:56:10.417935 7f2b395d7cc0                  Options.enable_pipelined_write: 0
2022/06/25-09:56:10.417936 7f2b395d7cc0                  Options.unordered_write: 0
2022/06/25-09:56:10.417936 7f2b395d7cc0         Options.allow_concurrent_memtable_write: 1
2022/06/25-09:56:10.417937 7f2b395d7cc0      Options.enable_write_thread_adaptive_yield: 1
2022/06/25-09:56:10.417937 7f2b395d7cc0             Options.write_thread_max_yield_usec: 100
2022/06/25-09:56:10.417938 7f2b395d7cc0            Options.write_thread_slow_yield_usec: 3
2022/06/25-09:56:10.417939 7f2b395d7cc0                               Options.row_cache: None
2022/06/25-09:56:10.417939 7f2b395d7cc0                              Options.wal_filter: None
2022/06/25-09:56:10.417940 7f2b395d7cc0             Options.avoid_flush_during_recovery: 0
2022/06/25-09:56:10.417940 7f2b395d7cc0             Options.allow_ingest_behind: 0
2022/06/25-09:56:10.417941 7f2b395d7cc0             Options.preserve_deletes: 0
2022/06/25-09:56:10.417941 7f2b395d7cc0             Options.two_write_queues: 0
2022/06/25-09:56:10.417942 7f2b395d7cc0             Options.manual_wal_flush: 0
2022/06/25-09:56:10.417943 7f2b395d7cc0             Options.atomic_flush: 0
2022/06/25-09:56:10.417943 7f2b395d7cc0             Options.avoid_unnecessary_blocking_io: 0
2022/06/25-09:56:10.417944 7f2b395d7cc0                 Options.persist_stats_to_disk: 0
2022/06/25-09:56:10.417944 7f2b395d7cc0                 Options.write_dbid_to_manifest: 0
2022/06/25-09:56:10.417945 7f2b395d7cc0                 Options.log_readahead_size: 0
2022/06/25-09:56:10.417945 7f2b395d7cc0                 Options.file_checksum_gen_factory: Unknown
2022/06/25-09:56:10.417946 7f2b395d7cc0                 Options.best_efforts_recovery: 0
2022/06/25-09:56:10.417947 7f2b395d7cc0                Options.max_bgerror_resume_count: 2147483647
2022/06/25-09:56:10.417947 7f2b395d7cc0            Options.bgerror_resume_retry_interval: 1000000
2022/06/25-09:56:10.417948 7f2b395d7cc0             Options.allow_data_in_errors: 0
2022/06/25-09:56:10.417948 7f2b395d7cc0             Options.db_host_id: __hostname__
2022/06/25-09:56:10.417951 7f2b395d7cc0             Options.max_background_jobs: 2
2022/06/25-09:56:10.417952 7f2b395d7cc0             Options.max_background_compactions: -1
2022/06/25-09:56:10.417953 7f2b395d7cc0             Options.max_subcompactions: 1
2022/06/25-09:56:10.417953 7f2b395d7cc0             Options.avoid_flush_during_shutdown: 0
2022/06/25-09:56:10.417954 7f2b395d7cc0           Options.writable_file_max_buffer_size: 1048576
2022/06/25-09:56:10.417954 7f2b395d7cc0             Options.delayed_write_rate : 16777216
2022/06/25-09:56:10.417955 7f2b395d7cc0             Options.max_total_wal_size: 0
2022/06/25-09:56:10.417956 7f2b395d7cc0             Options.delete_obsolete_files_period_micros: 21600000000
2022/06/25-09:56:10.417956 7f2b395d7cc0                   Options.stats_dump_period_sec: 600
2022/06/25-09:56:10.417957 7f2b395d7cc0                 Options.stats_persist_period_sec: 600
2022/06/25-09:56:10.417957 7f2b395d7cc0                 Options.stats_history_buffer_size: 1048576
2022/06/25-09:56:10.417958 7f2b395d7cc0                          Options.max_open_files: -1
2022/06/25-09:56:10.417959 7f2b395d7cc0                          Options.bytes_per_sync: 0
2022/06/25-09:56:10.417959 7f2b395d7cc0                      Options.wal_bytes_per_sync: 0
2022/06/25-09:56:10.418001 7f2b395d7cc0                   Options.strict_bytes_per_sync: 0
2022/06/25-09:56:10.418003 7f2b395d7cc0       Options.compaction_readahead_size: 0
2022/06/25-09:56:10.418003 7f2b395d7cc0                  Options.max_background_flushes: -1
2022/06/25-09:56:10.418004 7f2b395d7cc0 Compression algorithms supported:
2022/06/25-09:56:10.418005 7f2b395d7cc0 	kZSTDNotFinalCompression supported: 1
2022/06/25-09:56:10.418008 7f2b395d7cc0 	kZSTD supported: 1
2022/06/25-09:56:10.418009 7f2b395d7cc0 	kXpressCompression supported: 0
2022/06/25-09:56:10.418010 7f2b395d7cc0 	kLZ4HCCompression supported: 1
2022/06/25-09:56:10.418010 7f2b395d7cc0 	kLZ4Compression supported: 1
2022/06/25-09:56:10.418011 7f2b395d7cc0 	kBZip2Compression supported: 1
2022/06/25-09:56:10.418012 7f2b395d7cc0 	kZlibCompression supported: 1
2022/06/25-09:56:10.418012 7f2b395d7cc0 	kSnappyCompression supported: 1
2022/06/25-09:56:10.418016 7f2b395d7cc0 Fast CRC32 supported: Supported on x86
2022/06/25-09:56:10.418050 7f2b395d7cc0 [db/version_set.cc:4758] Recovering from manifest file: /home/moon/OpenProject/my-app/template-react-ts/.dfx/state/replicated_state/node-100/ic_consensus_pool/consensus/MANIFEST-000148
2022/06/25-09:56:10.418122 7f2b395d7cc0 [db/column_family.cc:595] --------------- Options for column family [default]:
2022/06/25-09:56:10.418124 7f2b395d7cc0               Options.comparator: leveldb.BytewiseComparator
2022/06/25-09:56:10.418125 7f2b395d7cc0           Options.merge_operator: None
2022/06/25-09:56:10.418126 7f2b395d7cc0        Options.compaction_filter: None
2022/06/25-09:56:10.418126 7f2b395d7cc0        Options.compaction_filter_factory: None
2022/06/25-09:56:10.418127 7f2b395d7cc0  Options.sst_partitioner_factory: None
2022/06/25-09:56:10.418128 7f2b395d7cc0         Options.memtable_factory: SkipListFactory
2022/06/25-09:56:10.418128 7f2b395d7cc0            Options.table_factory: BlockBasedTable
2022/06/25-09:56:10.418340 7f2b395d7cc0            table_factory options:   flush_block_policy_factory: FlushBlockBySizePolicyFactory (0x55c1908f1610)
  cache_index_and_filter_blocks: 0
  cache_index_and_filter_blocks_with_high_priority: 1
  pin_l0_filter_and_index_blocks_in_cache: 0
  pin_top_level_index_and_filter: 1
  index_type: 0
  data_block_index_type: 0
  index_shortening: 1
  data_block_hash_table_util_ratio: 0.750000
  hash_index_allow_collision: 1
  checksum: 1
  no_block_cache: 0
  block_cache: 0x55c1908f1660
  block_cache_name: LRUCache
  block_cache_options:
    capacity : 8388608
    num_shard_bits : 4
    strict_capacity_limit : 0
    memory_allocator : None
    high_pri_pool_ratio: 0.000
  block_cache_compressed: (nil)
  persistent_cache: (nil)
  block_size: 4096
  block_size_deviation: 10
  block_restart_interval: 16
  index_block_restart_interval: 1
  metadata_block_size: 4096
  partition_filters: 0
  use_delta_encoding: 1
  filter_policy: nullptr
  whole_key_filtering: 1
  verify_compression: 0
  read_amp_bytes_per_bit: 0
  format_version: 4
  enable_index_compression: 1
  block_align: 0
2022/06/25-09:56:10.418618 7f2b395d7cc0        Options.write_buffer_size: 67108864
2022/06/25-09:56:10.418620 7f2b395d7cc0  Options.max_write_buffer_number: 2
2022/06/25-09:56:10.418621 7f2b395d7cc0          Options.compression: Snappy
2022/06/25-09:56:10.418622 7f2b395d7cc0                  Options.bottommost_compression: Disabled
2022/06/25-09:56:10.418623 7f2b395d7cc0       Options.prefix_extractor: nullptr
2022/06/25-09:56:10.418623 7f2b395d7cc0   Options.memtable_insert_with_hint_prefix_extractor: nullptr
2022/06/25-09:56:10.418624 7f2b395d7cc0             Options.num_levels: 7
2022/06/25-09:56:10.418625 7f2b395d7cc0        Options.min_write_buffer_number_to_merge: 1
2022/06/25-09:56:10.418625 7f2b395d7cc0     Options.max_write_buffer_number_to_maintain: 0
2022/06/25-09:56:10.418626 7f2b395d7cc0     Options.max_write_buffer_size_to_maintain: 0
2022/06/25-09:56:10.418627 7f2b395d7cc0            Options.bottommost_compression_opts.window_bits: -14
2022/06/25-09:56:10.418628 7f2b395d7cc0                  Options.bottommost_compression_opts.level: 32767
2022/06/25-09:56:10.418673 7f2b395d7cc0               Options.bottommost_compression_opts.strategy: 0
2022/06/25-09:56:10.418675 7f2b395d7cc0         Options.bottommost_compression_opts.max_dict_bytes: 0
2022/06/25-09:56:10.418676 7f2b395d7cc0         Options.bottommost_compression_opts.zstd_max_train_bytes: 0
2022/06/25-09:56:10.418677 7f2b395d7cc0         Options.bottommost_compression_opts.parallel_threads: 1
2022/06/25-09:56:10.418677 7f2b395d7cc0                  Options.bottommost_compression_opts.enabled: false
2022/06/25-09:56:10.418678 7f2b395d7cc0            Options.compression_opts.window_bits: -14
2022/06/25-09:56:10.418679 7f2b395d7cc0                  Options.compression_opts.level: 32767
2022/06/25-09:56:10.418679 7f2b395d7cc0               Options.compression_opts.strategy: 0
2022/06/25-09:56:10.418680 7f2b395d7cc0         Options.compression_opts.max_dict_bytes: 0
2022/06/25-09:56:10.418681 7f2b395d7cc0         Options.compression_opts.zstd_max_train_bytes: 0
2022/06/25-09:56:10.418681 7f2b395d7cc0         Options.compression_opts.parallel_threads: 1
2022/06/25-09:56:10.418682 7f2b395d7cc0                  Options.compression_opts.enabled: false
2022/06/25-09:56:10.418683 7f2b395d7cc0      Options.level0_file_num_compaction_trigger: 4
2022/06/25-09:56:10.418684 7f2b395d7cc0          Options.level0_slowdown_writes_trigger: 20
2022/06/25-09:56:10.418684 7f2b395d7cc0              Options.level0_stop_writes_trigger: 36
2022/06/25-09:56:10.418685 7f2b395d7cc0                   Options.target_file_size_base: 67108864
2022/06/25-09:56:10.418686 7f2b395d7cc0             Options.target_file_size_multiplier: 1
2022/06/25-09:56:10.418686 7f2b395d7cc0                Options.max_bytes_for_level_base: 268435456
2022/06/25-09:56:10.418687 7f2b395d7cc0 Options.level_compaction_dynamic_level_bytes: 0
2022/06/25-09:56:10.418688 7f2b395d7cc0          Options.max_bytes_for_level_multiplier: 10.000000
2022/06/25-09:56:10.418689 7f2b395d7cc0 Options.max_bytes_for_level_multiplier_addtl[0]: 1
2022/06/25-09:56:10.418690 7f2b395d7cc0 Options.max_bytes_for_level_multiplier_addtl[1]: 1
2022/06/25-09:56:10.418691 7f2b395d7cc0 Options.max_bytes_for_level_multiplier_addtl[2]: 1
2022/06/25-09:56:10.418691 7f2b395d7cc0 Options.max_bytes_for_level_multiplier_addtl[3]: 1
2022/06/25-09:56:10.418692 7f2b395d7cc0 Options.max_bytes_for_level_multiplier_addtl[4]: 1
2022/06/25-09:56:10.418693 7f2b395d7cc0 Options.max_bytes_for_level_multiplier_addtl[5]: 1
2022/06/25-09:56:10.418693 7f2b395d7cc0 Options.max_bytes_for_level_multiplier_addtl[6]: 1
2022/06/25-09:56:10.418694 7f2b395d7cc0       Options.max_sequential_skip_in_iterations: 8
2022/06/25-09:56:10.418694 7f2b395d7cc0                    Options.max_compaction_bytes: 1677721600
2022/06/25-09:56:10.418695 7f2b395d7cc0                        Options.arena_block_size: 8388608
2022/06/25-09:56:10.418696 7f2b395d7cc0   Options.soft_pending_compaction_bytes_limit: 68719476736
2022/06/25-09:56:10.418696 7f2b395d7cc0   Options.hard_pending_compaction_bytes_limit: 274877906944
2022/06/25-09:56:10.418697 7f2b395d7cc0       Options.rate_limit_delay_max_milliseconds: 100
2022/06/25-09:56:10.418697 7f2b395d7cc0                Options.disable_auto_compactions: 0
2022/06/25-09:56:10.418699 7f2b395d7cc0                        Options.compaction_style: kCompactionStyleLevel
2022/06/25-09:56:10.418700 7f2b395d7cc0                          Options.compaction_pri: kMinOverlappingRatio
2022/06/25-09:56:10.418700 7f2b395d7cc0 Options.compaction_options_universal.size_ratio: 1
2022/06/25-09:56:10.418701 7f2b395d7cc0 Options.compaction_options_universal.min_merge_width: 2
2022/06/25-09:56:10.418702 7f2b395d7cc0 Options.compaction_options_universal.max_merge_width: 4294967295
2022/06/25-09:56:10.418702 7f2b395d7cc0 Options.compaction_options_universal.max_size_amplification_percent: 200
2022/06/25-09:56:10.418703 7f2b395d7cc0 Options.compaction_options_universal.compression_size_percent: -1
2022/06/25-09:56:10.418704 7f2b395d7cc0 Options.compaction_options_universal.stop_style: kCompactionStopStyleTotalSize
2022/06/25-09:56:10.418743 7f2b395d7cc0 Options.compaction_options_fifo.max_table_files_size: 1073741824
2022/06/25-09:56:10.418745 7f2b395d7cc0 Options.compaction_options_fifo.allow_compaction: 0
2022/06/25-09:56:10.418749 7f2b395d7cc0                   Options.table_properties_collectors: 
2022/06/25-09:56:10.418750 7f2b395d7cc0                   Options.inplace_update_support: 0
2022/06/25-09:56:10.418751 7f2b395d7cc0                 Options.inplace_update_num_locks: 10000
2022/06/25-09:56:10.418751 7f2b395d7cc0               Options.memtable_prefix_bloom_size_ratio: 0.000000
2022/06/25-09:56:10.418752 7f2b395d7cc0               Options.memtable_whole_key_filtering: 0
2022/06/25-09:56:10.418753 7f2b395d7cc0   Options.memtable_huge_page_size: 0
2022/06/25-09:56:10.418754 7f2b395d7cc0                           Options.bloom_locality: 0
2022/06/25-09:56:10.418754 7f2b395d7cc0                    Options.max_successive_merges: 0
2022/06/25-09:56:10.418755 7f2b395d7cc0                Options.optimize_filters_for_hits: 0
2022/06/25-09:56:10.418755 7f2b395d7cc0                Options.paranoid_file_checks: 0
2022/06/25-09:56:10.418756 7f2b395d7cc0                Options.force_consistency_checks: 1
2022/06/25-09:56:10.418757 7f2b395d7cc0                Options.report_bg_io_stats: 0
2022/06/25-09:56:10.418757 7f2b395d7cc0                               Options.ttl: 2592000
2022/06/25-09:56:10.418758 7f2b395d7cc0          Options.periodic_compaction_seconds: 0
2022/06/25-09:56:10.418758 7f2b395d7cc0                    Options.enable_blob_files: false
2022/06/25-09:56:10.418759 7f2b395d7cc0                        Options.min_blob_size: 0
2022/06/25-09:56:10.418760 7f2b395d7cc0                       Options.blob_file_size: 268435456
2022/06/25-09:56:10.418760 7f2b395d7cc0                Options.blob_compression_type: NoCompression
2022/06/25-09:56:10.418761 7f2b395d7cc0       Options.enable_blob_garbage_collection: false
2022/06/25-09:56:10.418762 7f2b395d7cc0   Options.blob_garbage_collection_age_cutoff: 0.250000
2022/06/25-09:56:10.419469 7f2b395d7cc0 [db/column_family.cc:595] --------------- Options for column family [RB]:
2022/06/25-09:56:10.419471 7f2b395d7cc0               Options.comparator: leveldb.BytewiseComparator
2022/06/25-09:56:10.419472 7f2b395d7cc0           Options.merge_operator: None
2022/06/25-09:56:10.419473 7f2b395d7cc0        Options.compaction_filter: filter_outdated
2022/06/25-09:56:10.419474 7f2b395d7cc0        Options.compaction_filter_factory: None
2022/06/25-09:56:10.419475 7f2b395d7cc0  Options.sst_partitioner_factory: None
2022/06/25-09:56:10.419475 7f2b395d7cc0         Options.memtable_factory: SkipListFactory
2022/06/25-09:56:10.419476 7f2b395d7cc0            Options.table_factory: BlockBasedTable
2022/06/25-09:56:10.419490 7f2b395d7cc0            table_factory options:   flush_block_policy_factory: FlushBlockBySizePolicyFactory (0x55c1908d7810)
  cache_index_and_filter_blocks: 0
  cache_index_and_filter_blocks_with_high_priority: 1
  pin_l0_filter_and_index_blocks_in_cache: 0
  pin_top_level_index_and_filter: 1
  index_type: 0
  data_block_index_type: 0
  index_shortening: 1
  data_block_hash_table_util_ratio: 0.750000
  hash_index_allow_collision: 1
  checksum: 1
  no_block_cache: 0
  block_cache: 0x55c1908d7860
  block_cache_name: LRUCache
  block_cache_options:
    capacity : 8388608
    num_shard_bits : 4
    strict_capacity_limit : 0
    memory_allocator : None
    high_pri_pool_ratio: 0.000
  block_cache_compressed: (nil)
  persistent_cache: (nil)
  block_size: 4096
  block_size_deviation: 10
  block_restart_interval: 16
  index_block_restart_interval: 1
  metadata_block_size: 4096
  partition_filters: 0
  use_delta_encoding: 1
  filter_policy: nullptr
  whole_key_filtering: 1
  verify_compression: 0
  read_amp_bytes_per_bit: 0
  format_version: 4
  enable_index_compression: 1
  block_align: 0
2022/06/25-09:56:10.419493 7f2b395d7cc0        Options.write_buffer_size: 67108864
2022/06/25-09:56:10.419494 7f2b395d7cc0  Options.max_write_buffer_number: 2
2022/06/25-09:56:10.419533 7f2b395d7cc0          Options.compression: NoCompression
2022/06/25-09:56:10.419535 7f2b395d7cc0                  Options.bottommost_compression: Disabled
2022/06/25-09:56:10.419536 7f2b395d7cc0       Options.prefix_extractor: nullptr
2022/06/25-09:56:10.419536 7f2b395d7cc0   Options.memtable_insert_with_hint_prefix_extractor: nullptr
2022/06/25-09:56:10.419537 7f2b395d7cc0             Options.num_levels: 7
2022/06/25-09:56:10.419537 7f2b395d7cc0        Options.min_write_buffer_number_to_merge: 1
2022/06/25-09:56:10.419538 7f2b395d7cc0     Options.max_write_buffer_number_to_maintain: 0
2022/06/25-09:56:10.419539 7f2b395d7cc0     Options.max_write_buffer_size_to_maintain: 0
2022/06/25-09:56:10.419539 7f2b395d7cc0            Options.bottommost_compression_opts.window_bits: -14
2022/06/25-09:56:10.419540 7f2b395d7cc0                  Options.bottommost_compression_opts.level: 32767
2022/06/25-09:56:10.419541 7f2b395d7cc0               Options.bottommost_compression_opts.strategy: 0
2022/06/25-09:56:10.419541 7f2b395d7cc0         Options.bottommost_compression_opts.max_dict_bytes: 0
2022/06/25-09:56:10.419542 7f2b395d7cc0         Options.bottommost_compression_opts.zstd_max_train_bytes: 0
2022/06/25-09:56:10.419543 7f2b395d7cc0         Options.bottommost_compression_opts.parallel_threads: 1
2022/06/25-09:56:10.419543 7f2b395d7cc0                  Options.bottommost_compression_opts.enabled: false
2022/06/25-09:56:10.419544 7f2b395d7cc0            Options.compression_opts.window_bits: -14
2022/06/25-09:56:10.419545 7f2b395d7cc0                  Options.compression_opts.level: 32767
2022/06/25-09:56:10.419545 7f2b395d7cc0               Options.compression_opts.strategy: 0
2022/06/25-09:56:10.419546 7f2b395d7cc0         Options.compression_opts.max_dict_bytes: 0
2022/06/25-09:56:10.419546 7f2b395d7cc0         Options.compression_opts.zstd_max_train_bytes: 0
2022/06/25-09:56:10.419547 7f2b395d7cc0         Options.compression_opts.parallel_threads: 1
2022/06/25-09:56:10.419547 7f2b395d7cc0                  Options.compression_opts.enabled: false
2022/06/25-09:56:10.419548 7f2b395d7cc0      Options.level0_file_num_compaction_trigger: 4
2022/06/25-09:56:10.419549 7f2b395d7cc0          Options.level0_slowdown_writes_trigger: 20
2022/06/25-09:56:10.419549 7f2b395d7cc0              Options.level0_stop_writes_trigger: 36
2022/06/25-09:56:10.419550 7f2b395d7cc0                   Options.target_file_size_base: 67108864
2022/06/25-09:56:10.419550 7f2b395d7cc0             Options.target_file_size_multiplier: 1
2022/06/25-09:56:10.419551 7f2b395d7cc0                Options.max_bytes_for_level_base: 268435456
2022/06/25-09:56:10.419552 7f2b395d7cc0 Options.level_compaction_dynamic_level_bytes: 0
2022/06/25-09:56:10.419552 7f2b395d7cc0          Options.max_bytes_for_level_multiplier: 10.000000
2022/06/25-09:56:10.419554 7f2b395d7cc0 Options.max_bytes_for_level_multiplier_addtl[0]: 1
2022/06/25-09:56:10.419554 7f2b395d7cc0 Options.max_bytes_for_level_multiplier_addtl[1]: 1
2022/06/25-09:56:10.419555 7f2b395d7cc0 Options.max_bytes_for_level_multiplier_addtl[2]: 1
2022/06/25-09:56:10.419556 7f2b395d7cc0 Options.max_bytes_for_level_multiplier_addtl[3]: 1
2022/06/25-09:56:10.419556 7f2b395d7cc0 Options.max_bytes_for_level_multiplier_addtl[4]: 1
2022/06/25-09:56:10.419557 7f2b395d7cc0 Options.max_bytes_for_level_multiplier_addtl[5]: 1
2022/06/25-09:56:10.419557 7f2b395d7cc0 Options.max_bytes_for_level_multiplier_addtl[6]: 1
2022/06/25-09:56:10.419558 7f2b395d7cc0       Options.max_sequential_skip_in_iterations: 8
2022/06/25-09:56:10.419559 7f2b395d7cc0                    Options.max_compaction_bytes: 1677721600
2022/06/25-09:56:10.419559 7f2b395d7cc0                        Options.arena_block_size: 8388608
2022/06/25-09:56:10.419560 7f2b395d7cc0   Options.soft_pending_compaction_bytes_limit: 68719476736
2022/06/25-09:56:10.419560 7f2b395d7cc0   Options.hard_pending_compaction_bytes_limit: 274877906944
2022/06/25-09:56:10.419561 7f2b395d7cc0       Options.rate_limit_delay_max_milliseconds: 100
2022/06/25-09:56:10.419562 7f2b395d7cc0                Options.disable_auto_compactions: 1
2022/06/25-09:56:10.419601 7f2b395d7cc0                        Options.compaction_style: kCompactionStyleLevel
2022/06/25-09:56:10.419603 7f2b395d7cc0                          Options.compaction_pri: kMinOverlappingRatio
2022/06/25-09:56:10.419603 7f2b395d7cc0 Options.compaction_options_universal.size_ratio: 1
2022/06/25-09:56:10.419604 7f2b395d7cc0 Options.compaction_options_universal.min_merge_width: 2
2022/06/25-09:56:10.419605 7f2b395d7cc0 Options.compaction_options_universal.max_merge_width: 4294967295
2022/06/25-09:56:10.419605 7f2b395d7cc0 Options.compaction_options_universal.max_size_amplification_percent: 200
2022/06/25-09:56:10.419606 7f2b395d7cc0 Options.compaction_options_universal.compression_size_percent: -1
2022/06/25-09:56:10.419607 7f2b395d7cc0 Options.compaction_options_universal.stop_style: kCompactionStopStyleTotalSize
2022/06/25-09:56:10.419607 7f2b395d7cc0 Options.compaction_options_fifo.max_table_files_size: 1073741824
2022/06/25-09:56:10.419608 7f2b395d7cc0 Options.compaction_options_fifo.allow_compaction: 0
2022/06/25-09:56:10.419610 7f2b395d7cc0                   Options.table_properties_collectors: 
2022/06/25-09:56:10.419611 7f2b395d7cc0                   Options.inplace_update_support: 0
2022/06/25-09:56:10.419611 7f2b395d7cc0                 Options.inplace_update_num_locks: 10000
2022/06/25-09:56:10.419612 7f2b395d7cc0               Options.memtable_prefix_bloom_size_ratio: 0.000000
2022/06/25-09:56:10.419613 7f2b395d7cc0               Options.memtable_whole_key_filtering: 0
2022/06/25-09:56:10.419614 7f2b395d7cc0   Options.memtable_huge_page_size: 0
2022/06/25-09:56:10.419614 7f2b395d7cc0                           Options.bloom_locality: 0
2022/06/25-09:56:10.419615 7f2b395d7cc0                    Options.max_successive_merges: 0
2022/06/25-09:56:10.419616 7f2b395d7cc0                Options.optimize_filters_for_hits: 0
2022/06/25-09:56:10.419616 7f2b395d7cc0                Options.paranoid_file_checks: 0
2022/06/25-09:56:10.419617 7f2b395d7cc0                Options.force_consistency_checks: 1
2022/06/25-09:56:10.419617 7f2b395d7cc0                Options.report_bg_io_stats: 0
2022/06/25-09:56:10.419618 7f2b395d7cc0                               Options.ttl: 2592000
2022/06/25-09:56:10.419618 7f2b395d7cc0          Options.periodic_compaction_seconds: 2592000
2022/06/25-09:56:10.419619 7f2b395d7cc0                    Options.enable_blob_files: false
2022/06/25-09:56:10.419620 7f2b395d7cc0                        Options.min_blob_size: 0
2022/06/25-09:56:10.419620 7f2b395d7cc0                       Options.blob_file_size: 268435456
2022/06/25-09:56:10.419621 7f2b395d7cc0                Options.blob_compression_type: NoCompression
2022/06/25-09:56:10.419622 7f2b395d7cc0       Options.enable_blob_garbage_collection: false
2022/06/25-09:56:10.419622 7f2b395d7cc0   Options.blob_garbage_collection_age_cutoff: 0.250000
2022/06/25-09:56:10.419645 7f2b395d7cc0 [db/column_family.cc:595] --------------- Options for column family [FZ]:
2022/06/25-09:56:10.419646 7f2b395d7cc0               Options.comparator: leveldb.BytewiseComparator
2022/06/25-09:56:10.419647 7f2b395d7cc0           Options.merge_operator: None
2022/06/25-09:56:10.419648 7f2b395d7cc0        Options.compaction_filter: filter_outdated
2022/06/25-09:56:10.419648 7f2b395d7cc0        Options.compaction_filter_factory: None
2022/06/25-09:56:10.419649 7f2b395d7cc0  Options.sst_partitioner_factory: None
2022/06/25-09:56:10.419649 7f2b395d7cc0         Options.memtable_factory: SkipListFactory
2022/06/25-09:56:10.419650 7f2b395d7cc0            Options.table_factory: BlockBasedTable
2022/06/25-09:56:10.419661 7f2b395d7cc0            table_factory options:   flush_block_policy_factory: FlushBlockBySizePolicyFactory (0x55c1908d9aa0)
  cache_index_and_filter_blocks: 0
  cache_index_and_filter_blocks_with_high_priority: 1
  pin_l0_filter_and_index_blocks_in_cache: 0
  pin_top_level_index_and_filter: 1
  index_type: 0
  data_block_index_type: 0
  index_shortening: 1
  data_block_hash_table_util_ratio: 0.750000
  hash_index_allow_collision: 1
  checksum: 1
  no_block_cache: 0
  block_cache: 0x55c1908d9af0
  block_cache_name: LRUCache
  block_cache_options:
    capacity : 8388608
    num_shard_bits : 4
    strict_capacity_limit : 0
    memory_allocator : None
    high_pri_pool_ratio: 0.000
  block_cache_compressed: (nil)
  persistent_cache: (nil)
  block_size: 4096
  block_size_deviation: 10
  block_restart_interval: 16
  index_block_restart_interval: 1
  metadata_block_size: 4096
  partition_filters: 0
  use_delta_encoding: 1
  filter_policy: nullptr
  whole_key_filtering: 1
  verify_compression: 0
  read_amp_bytes_per_bit: 0
  format_version: 4
  enable_index_compression: 1
  block_align: 0
2022/06/25-09:56:10.419702 7f2b395d7cc0        Options.write_buffer_size: 67108864
2022/06/25-09:56:10.419704 7f2b395d7cc0  Options.max_write_buffer_number: 2
2022/06/25-09:56:10.419705 7f2b395d7cc0          Options.compression: NoCompression
2022/06/25-09:56:10.419705 7f2b395d7cc0                  Options.bottommost_compression: Disabled
2022/06/25-09:56:10.419706 7f2b395d7cc0       Options.prefix_extractor: nullptr
2022/06/25-09:56:10.419707 7f2b395d7cc0   Options.memtable_insert_with_hint_prefix_extractor: nullptr
2022/06/25-09:56:10.419707 7f2b395d7cc0             Options.num_levels: 7
2022/06/25-09:56:10.419708 7f2b395d7cc0        Options.min_write_buffer_number_to_merge: 1
2022/06/25-09:56:10.419708 7f2b395d7cc0     Options.max_write_buffer_number_to_maintain: 0
2022/06/25-09:56:10.419709 7f2b395d7cc0     Options.max_write_buffer_size_to_maintain: 0
2022/06/25-09:56:10.419710 7f2b395d7cc0            Options.bottommost_compression_opts.window_bits: -14
2022/06/25-09:56:10.419710 7f2b395d7cc0                  Options.bottommost_compression_opts.level: 32767
2022/06/25-09:56:10.419711 7f2b395d7cc0               Options.bottommost_compression_opts.strategy: 0
2022/06/25-09:56:10.419711 7f2b395d7cc0         Options.bottommost_compression_opts.max_dict_bytes: 0
2022/06/25-09:56:10.419712 7f2b395d7cc0         Options.bottommost_compression_opts.zstd_max_train_bytes: 0
2022/06/25-09:56:10.419713 7f2b395d7cc0         Options.bottommost_compression_opts.parallel_threads: 1
2022/06/25-09:56:10.419713 7f2b395d7cc0                  Options.bottommost_compression_opts.enabled: false
2022/06/25-09:56:10.419714 7f2b395d7cc0            Options.compression_opts.window_bits: -14
2022/06/25-09:56:10.419715 7f2b395d7cc0                  Options.compression_opts.level: 32767
2022/06/25-09:56:10.419715 7f2b395d7cc0               Options.compression_opts.strategy: 0
2022/06/25-09:56:10.419716 7f2b395d7cc0         Options.compression_opts.max_dict_bytes: 0
2022/06/25-09:56:10.419716 7f2b395d7cc0         Options.compression_opts.zstd_max_train_bytes: 0
2022/06/25-09:56:10.419717 7f2b395d7cc0         Options.compression_opts.parallel_threads: 1
2022/06/25-09:56:10.419718 7f2b395d7cc0                  Options.compression_opts.enabled: false
2022/06/25-09:56:10.419718 7f2b395d7cc0      Options.level0_file_num_compaction_trigger: 4
2022/06/25-09:56:10.419719 7f2b395d7cc0          Options.level0_slowdown_writes_trigger: 20
2022/06/25-09:56:10.419719 7f2b395d7cc0              Options.level0_stop_writes_trigger: 36
2022/06/25-09:56:10.419720 7f2b395d7cc0                   Options.target_file_size_base: 67108864
2022/06/25-09:56:10.419720 7f2b395d7cc0             Options.target_file_size_multiplier: 1
2022/06/25-09:56:10.419721 7f2b395d7cc0                Options.max_bytes_for_level_base: 268435456
2022/06/25-09:56:10.419722 7f2b395d7cc0 Options.level_compaction_dynamic_level_bytes: 0
2022/06/25-09:56:10.419722 7f2b395d7cc0          Options.max_bytes_for_level_multiplier: 10.000000
2022/06/25-09:56:10.419724 7f2b395d7cc0 Options.max_bytes_for_level_multiplier_addtl[0]: 1
2022/06/25-09:56:10.419724 7f2b395d7cc0 Options.max_bytes_for_level_multiplier_addtl[1]: 1
2022/06/25-09:56:10.419725 7f2b395d7cc0 Options.max_bytes_for_level_multiplier_addtl[2]: 1
2022/06/25-09:56:10.419726 7f2b395d7cc0 Options.max_bytes_for_level_multiplier_addtl[3]: 1
2022/06/25-09:56:10.419734 7f2b395d7cc0 Options.max_bytes_for_level_multiplier_addtl[4]: 1
2022/06/25-09:56:10.419734 7f2b395d7cc0 Options.max_bytes_for_level_multiplier_addtl[5]: 1
2022/06/25-09:56:10.419735 7f2b395d7cc0 Options.max_bytes_for_level_multiplier_addtl[6]: 1
2022/06/25-09:56:10.419736 7f2b395d7cc0       Options.max_sequential_skip_in_iterations: 8
2022/06/25-09:56:10.419736 7f2b395d7cc0                    Options.max_compaction_bytes: 1677721600
2022/06/25-09:56:10.419737 7f2b395d7cc0                        Options.arena_block_size: 8388608
2022/06/25-09:56:10.419737 7f2b395d7cc0   Options.soft_pending_compaction_bytes_limit: 68719476736
2022/06/25-09:56:10.419738 7f2b395d7cc0   Options.hard_pending_compaction_bytes_limit: 274877906944
2022/06/25-09:56:10.419738 7f2b395d7cc0       Options.rate_limit_delay_max_milliseconds: 100
2022/06/25-09:56:10.419739 7f2b395d7cc0                Options.disable_auto_compactions: 1
2022/06/25-09:56:10.419740 7f2b395d7cc0                        Options.compaction_style: kCompactionStyleLevel
2022/06/25-09:56:10.419741 7f2b395d7cc0                          Options.compaction_pri: kMinOverlappingRatio
2022/06/25-09:56:10.419741 7f2b395d7cc0 Options.compaction_options_universal.size_ratio: 1
2022/06/25-09:56:10.419742 7f2b395d7cc0 Options.compaction_options_universal.min_merge_width: 2
2022/06/25-09:56:10.419742 7f2b395d7cc0 Options.compaction_options_universal.max_merge_width: 4294967295
2022/06/25-09:56:10.419743 7f2b395d7cc0 Options.compaction_options_universal.max_size_amplification_percent: 200
2022/06/25-09:56:10.419744 7f2b395d7cc0 Options.compaction_options_universal.compression_size_percent: -1
2022/06/25-09:56:10.419744 7f2b395d7cc0 Options.compaction_options_universal.stop_style: kCompactionStopStyleTotalSize
2022/06/25-09:56:10.419745 7f2b395d7cc0 Options.compaction_options_fifo.max_table_files_size: 1073741824
2022/06/25-09:56:10.419745 7f2b395d7cc0 Options.compaction_options_fifo.allow_compaction: 0
2022/06/25-09:56:10.419747 7f2b395d7cc0                   Options.table_properties_collectors: 
2022/06/25-09:56:10.419748 7f2b395d7cc0                   Options.inplace_update_support: 0
2022/06/25-09:56:10.419748 7f2b395d7cc0                 Options.inplace_update_num_locks: 10000
2022/06/25-09:56:10.419749 7f2b395d7cc0               Options.memtable_prefix_bloom_size_ratio: 0.000000
2022/06/25-09:56:10.419750 7f2b395d7cc0               Options.memtable_whole_key_filtering: 0
2022/06/25-09:56:10.419750 7f2b395d7cc0   Options.memtable_huge_page_size: 0
2022/06/25-09:56:10.419751 7f2b395d7cc0                           Options.bloom_locality: 0
2022/06/25-09:56:10.419751 7f2b395d7cc0                    Options.max_successive_merges: 0
2022/06/25-09:56:10.419752 7f2b395d7cc0                Options.optimize_filters_for_hits: 0
2022/06/25-09:56:10.419752 7f2b395d7cc0                Options.paranoid_file_checks: 0
2022/06/25-09:56:10.419753 7f2b395d7cc0                Options.force_consistency_checks: 1
2022/06/25-09:56:10.419753 7f2b395d7cc0                Options.report_bg_io_stats: 0
2022/06/25-09:56:10.419754 7f2b395d7cc0                               Options.ttl: 2592000
2022/06/25-09:56:10.419755 7f2b395d7cc0          Options.periodic_compaction_seconds: 2592000
2022/06/25-09:56:10.419755 7f2b395d7cc0                    Options.enable_blob_files: false
2022/06/25-09:56:10.419756 7f2b395d7cc0                        Options.min_blob_size: 0
2022/06/25-09:56:10.419756 7f2b395d7cc0                       Options.blob_file_size: 268435456
2022/06/25-09:56:10.419757 7f2b395d7cc0                Options.blob_compression_type: NoCompression
2022/06/25-09:56:10.419758 7f2b395d7cc0       Options.enable_blob_garbage_collection: false
2022/06/25-09:56:10.419758 7f2b395d7cc0   Options.blob_garbage_collection_age_cutoff: 0.250000
2022/06/25-09:56:10.419779 7f2b395d7cc0 [db/column_family.cc:595] --------------- Options for column family [NZ]:
2022/06/25-09:56:10.419780 7f2b395d7cc0               Options.comparator: leveldb.BytewiseComparator
2022/06/25-09:56:10.419781 7f2b395d7cc0           Options.merge_operator: None
2022/06/25-09:56:10.419816 7f2b395d7cc0        Options.compaction_filter: filter_outdated
2022/06/25-09:56:10.419818 7f2b395d7cc0        Options.compaction_filter_factory: None
2022/06/25-09:56:10.419819 7f2b395d7cc0  Options.sst_partitioner_factory: None
2022/06/25-09:56:10.419820 7f2b395d7cc0         Options.memtable_factory: SkipListFactory
2022/06/25-09:56:10.419820 7f2b395d7cc0            Options.table_factory: BlockBasedTable
2022/06/25-09:56:10.419834 7f2b395d7cc0            table_factory options:   flush_block_policy_factory: FlushBlockBySizePolicyFactory (0x55c1908dbd50)
  cache_index_and_filter_blocks: 0
  cache_index_and_filter_blocks_with_high_priority: 1
  pin_l0_filter_and_index_blocks_in_cache: 0
  pin_top_level_index_and_filter: 1
  index_type: 0
  data_block_index_type: 0
  index_shortening: 1
  data_block_hash_table_util_ratio: 0.750000
  hash_index_allow_collision: 1
  checksum: 1
  no_block_cache: 0
  block_cache: 0x55c1908dbda0
  block_cache_name: LRUCache
  block_cache_options:
    capacity : 8388608
    num_shard_bits : 4
    strict_capacity_limit : 0
    memory_allocator : None
    high_pri_pool_ratio: 0.000
  block_cache_compressed: (nil)
  persistent_cache: (nil)
  block_size: 4096
  block_size_deviation: 10
  block_restart_interval: 16
  index_block_restart_interval: 1
  metadata_block_size: 4096
  partition_filters: 0
  use_delta_encoding: 1
  filter_policy: nullptr
  whole_key_filtering: 1
  verify_compression: 0
  read_amp_bytes_per_bit: 0
  format_version: 4
  enable_index_compression: 1
  block_align: 0
2022/06/25-09:56:10.419838 7f2b395d7cc0        Options.write_buffer_size: 67108864
2022/06/25-09:56:10.419838 7f2b395d7cc0  Options.max_write_buffer_number: 2
2022/06/25-09:56:10.419839 7f2b395d7cc0          Options.compression: NoCompression
2022/06/25-09:56:10.419840 7f2b395d7cc0                  Options.bottommost_compression: Disabled
2022/06/25-09:56:10.419840 7f2b395d7cc0       Options.prefix_extractor: nullptr
2022/06/25-09:56:10.419841 7f2b395d7cc0   Options.memtable_insert_with_hint_prefix_extractor: nullptr
2022/06/25-09:56:10.419842 7f2b395d7cc0             Options.num_levels: 7
2022/06/25-09:56:10.419842 7f2b395d7cc0        Options.min_write_buffer_number_to_merge: 1
2022/06/25-09:56:10.419843 7f2b395d7cc0     Options.max_write_buffer_number_to_maintain: 0
2022/06/25-09:56:10.419844 7f2b395d7cc0     Options.max_write_buffer_size_to_maintain: 0
2022/06/25-09:56:10.419844 7f2b395d7cc0            Options.bottommost_compression_opts.window_bits: -14
2022/06/25-09:56:10.419845 7f2b395d7cc0                  Options.bottommost_compression_opts.level: 32767
2022/06/25-09:56:10.419846 7f2b395d7cc0               Options.bottommost_compression_opts.strategy: 0
2022/06/25-09:56:10.419846 7f2b395d7cc0         Options.bottommost_compression_opts.max_dict_bytes: 0
2022/06/25-09:56:10.419847 7f2b395d7cc0         Options.bottommost_compression_opts.zstd_max_train_bytes: 0
