2022/06/19-17:03:53.777433 7fc729703cc0 RocksDB version: 6.17.0
2022/06/19-17:03:53.777557 7fc729703cc0 Git sha 0
2022/06/19-17:03:53.777582 7fc729703cc0 DB SUMMARY
2022/06/19-17:03:53.777583 7fc729703cc0 DB Session ID:  AIWXMPZDV8HGR3A0BDY5
2022/06/19-17:03:53.777602 7fc729703cc0 CURRENT file:  CURRENT
2022/06/19-17:03:53.777603 7fc729703cc0 IDENTITY file:  IDENTITY
2022/06/19-17:03:53.777605 7fc729703cc0 MANIFEST file:  MANIFEST-000068 size: 13916 Bytes
2022/06/19-17:03:53.777606 7fc729703cc0 SST files in /home/moon/OpenProject/my-app/template-react-ts/.dfx/state/replicated_state/node-100/ic_consensus_pool/consensus dir, Total Num: 12, files: 000111.sst 000113.sst 000115.sst 000117.sst 000119.sst 000121.sst 000123.sst 000125.sst 000127.sst 
2022/06/19-17:03:53.777607 7fc729703cc0 Write Ahead Log file in /home/moon/OpenProject/my-app/template-react-ts/.dfx/state/replicated_state/node-100/ic_consensus_pool/consensus: 000109.log size: 12168641 ; 
2022/06/19-17:03:53.777608 7fc729703cc0                         Options.error_if_exists: 0
2022/06/19-17:03:53.777609 7fc729703cc0                       Options.create_if_missing: 1
2022/06/19-17:03:53.777610 7fc729703cc0                         Options.paranoid_checks: 1
2022/06/19-17:03:53.777610 7fc729703cc0                               Options.track_and_verify_wals_in_manifest: 0
2022/06/19-17:03:53.777611 7fc729703cc0                                     Options.env: 0x55e59d349380
2022/06/19-17:03:53.777612 7fc729703cc0                                      Options.fs: Posix File System
2022/06/19-17:03:53.777612 7fc729703cc0                                Options.info_log: 0x55e5d72c2160
2022/06/19-17:03:53.777636 7fc729703cc0                Options.max_file_opening_threads: 16
2022/06/19-17:03:53.777641 7fc729703cc0                              Options.statistics: (nil)
2022/06/19-17:03:53.777642 7fc729703cc0                               Options.use_fsync: 1
2022/06/19-17:03:53.777643 7fc729703cc0                       Options.max_log_file_size: 0
2022/06/19-17:03:53.777643 7fc729703cc0                  Options.max_manifest_file_size: 1073741824
2022/06/19-17:03:53.777644 7fc729703cc0                   Options.log_file_time_to_roll: 0
2022/06/19-17:03:53.777645 7fc729703cc0                       Options.keep_log_file_num: 1000
2022/06/19-17:03:53.777646 7fc729703cc0                    Options.recycle_log_file_num: 0
2022/06/19-17:03:53.777646 7fc729703cc0                         Options.allow_fallocate: 1
2022/06/19-17:03:53.777647 7fc729703cc0                        Options.allow_mmap_reads: 0
2022/06/19-17:03:53.777648 7fc729703cc0                       Options.allow_mmap_writes: 0
2022/06/19-17:03:53.777648 7fc729703cc0                        Options.use_direct_reads: 0
2022/06/19-17:03:53.777649 7fc729703cc0                        Options.use_direct_io_for_flush_and_compaction: 0
2022/06/19-17:03:53.777649 7fc729703cc0          Options.create_missing_column_families: 1
2022/06/19-17:03:53.777650 7fc729703cc0                              Options.db_log_dir: 
2022/06/19-17:03:53.777651 7fc729703cc0                                 Options.wal_dir: /home/moon/OpenProject/my-app/template-react-ts/.dfx/state/replicated_state/node-100/ic_consensus_pool/consensus
2022/06/19-17:03:53.777651 7fc729703cc0                Options.table_cache_numshardbits: 6
2022/06/19-17:03:53.777652 7fc729703cc0                         Options.WAL_ttl_seconds: 0
2022/06/19-17:03:53.777653 7fc729703cc0                       Options.WAL_size_limit_MB: 0
2022/06/19-17:03:53.777653 7fc729703cc0                        Options.max_write_batch_group_size_bytes: 1048576
2022/06/19-17:03:53.777654 7fc729703cc0             Options.manifest_preallocation_size: 4194304
2022/06/19-17:03:53.777655 7fc729703cc0                     Options.is_fd_close_on_exec: 1
2022/06/19-17:03:53.777655 7fc729703cc0                   Options.advise_random_on_open: 1
2022/06/19-17:03:53.777656 7fc729703cc0                    Options.db_write_buffer_size: 0
2022/06/19-17:03:53.777657 7fc729703cc0                    Options.write_buffer_manager: 0x55e5d72efde0
2022/06/19-17:03:53.777658 7fc729703cc0         Options.access_hint_on_compaction_start: 1
2022/06/19-17:03:53.777676 7fc729703cc0  Options.new_table_reader_for_compaction_inputs: 0
2022/06/19-17:03:53.777677 7fc729703cc0           Options.random_access_max_buffer_size: 1048576
2022/06/19-17:03:53.777677 7fc729703cc0                      Options.use_adaptive_mutex: 0
2022/06/19-17:03:53.777678 7fc729703cc0                            Options.rate_limiter: (nil)
2022/06/19-17:03:53.777679 7fc729703cc0     Options.sst_file_manager.rate_bytes_per_sec: 0
2022/06/19-17:03:53.777680 7fc729703cc0                       Options.wal_recovery_mode: 2
2022/06/19-17:03:53.777680 7fc729703cc0                  Options.enable_thread_tracking: 0
2022/06/19-17:03:53.777681 7fc729703cc0                  Options.enable_pipelined_write: 0
2022/06/19-17:03:53.777681 7fc729703cc0                  Options.unordered_write: 0
2022/06/19-17:03:53.777682 7fc729703cc0         Options.allow_concurrent_memtable_write: 1
2022/06/19-17:03:53.777683 7fc729703cc0      Options.enable_write_thread_adaptive_yield: 1
2022/06/19-17:03:53.777683 7fc729703cc0             Options.write_thread_max_yield_usec: 100
2022/06/19-17:03:53.777684 7fc729703cc0            Options.write_thread_slow_yield_usec: 3
2022/06/19-17:03:53.777684 7fc729703cc0                               Options.row_cache: None
2022/06/19-17:03:53.777685 7fc729703cc0                              Options.wal_filter: None
2022/06/19-17:03:53.777686 7fc729703cc0             Options.avoid_flush_during_recovery: 0
2022/06/19-17:03:53.777686 7fc729703cc0             Options.allow_ingest_behind: 0
2022/06/19-17:03:53.777687 7fc729703cc0             Options.preserve_deletes: 0
2022/06/19-17:03:53.777687 7fc729703cc0             Options.two_write_queues: 0
2022/06/19-17:03:53.777688 7fc729703cc0             Options.manual_wal_flush: 0
2022/06/19-17:03:53.777689 7fc729703cc0             Options.atomic_flush: 0
2022/06/19-17:03:53.777689 7fc729703cc0             Options.avoid_unnecessary_blocking_io: 0
2022/06/19-17:03:53.777690 7fc729703cc0                 Options.persist_stats_to_disk: 0
2022/06/19-17:03:53.777690 7fc729703cc0                 Options.write_dbid_to_manifest: 0
2022/06/19-17:03:53.777691 7fc729703cc0                 Options.log_readahead_size: 0
2022/06/19-17:03:53.777691 7fc729703cc0                 Options.file_checksum_gen_factory: Unknown
2022/06/19-17:03:53.777692 7fc729703cc0                 Options.best_efforts_recovery: 0
2022/06/19-17:03:53.777693 7fc729703cc0                Options.max_bgerror_resume_count: 2147483647
2022/06/19-17:03:53.777693 7fc729703cc0            Options.bgerror_resume_retry_interval: 1000000
2022/06/19-17:03:53.777694 7fc729703cc0             Options.allow_data_in_errors: 0
2022/06/19-17:03:53.777694 7fc729703cc0             Options.db_host_id: __hostname__
2022/06/19-17:03:53.777695 7fc729703cc0             Options.max_background_jobs: 2
2022/06/19-17:03:53.777696 7fc729703cc0             Options.max_background_compactions: -1
2022/06/19-17:03:53.777696 7fc729703cc0             Options.max_subcompactions: 1
2022/06/19-17:03:53.777697 7fc729703cc0             Options.avoid_flush_during_shutdown: 0
2022/06/19-17:03:53.777698 7fc729703cc0           Options.writable_file_max_buffer_size: 1048576
2022/06/19-17:03:53.777698 7fc729703cc0             Options.delayed_write_rate : 16777216
2022/06/19-17:03:53.777699 7fc729703cc0             Options.max_total_wal_size: 0
2022/06/19-17:03:53.777699 7fc729703cc0             Options.delete_obsolete_files_period_micros: 21600000000
2022/06/19-17:03:53.777700 7fc729703cc0                   Options.stats_dump_period_sec: 600
2022/06/19-17:03:53.777701 7fc729703cc0                 Options.stats_persist_period_sec: 600
2022/06/19-17:03:53.777701 7fc729703cc0                 Options.stats_history_buffer_size: 1048576
2022/06/19-17:03:53.777702 7fc729703cc0                          Options.max_open_files: -1
2022/06/19-17:03:53.777702 7fc729703cc0                          Options.bytes_per_sync: 0
2022/06/19-17:03:53.777703 7fc729703cc0                      Options.wal_bytes_per_sync: 0
2022/06/19-17:03:53.777707 7fc729703cc0                   Options.strict_bytes_per_sync: 0
2022/06/19-17:03:53.777707 7fc729703cc0       Options.compaction_readahead_size: 0
2022/06/19-17:03:53.777708 7fc729703cc0                  Options.max_background_flushes: -1
2022/06/19-17:03:53.777708 7fc729703cc0 Compression algorithms supported:
2022/06/19-17:03:53.777709 7fc729703cc0 	kZSTDNotFinalCompression supported: 1
2022/06/19-17:03:53.777713 7fc729703cc0 	kZSTD supported: 1
2022/06/19-17:03:53.777714 7fc729703cc0 	kXpressCompression supported: 0
2022/06/19-17:03:53.777714 7fc729703cc0 	kLZ4HCCompression supported: 1
2022/06/19-17:03:53.777715 7fc729703cc0 	kLZ4Compression supported: 1
2022/06/19-17:03:53.777716 7fc729703cc0 	kBZip2Compression supported: 1
2022/06/19-17:03:53.777716 7fc729703cc0 	kZlibCompression supported: 1
2022/06/19-17:03:53.777717 7fc729703cc0 	kSnappyCompression supported: 1
2022/06/19-17:03:53.777721 7fc729703cc0 Fast CRC32 supported: Supported on x86
2022/06/19-17:03:53.777766 7fc729703cc0 [db/version_set.cc:4758] Recovering from manifest file: /home/moon/OpenProject/my-app/template-react-ts/.dfx/state/replicated_state/node-100/ic_consensus_pool/consensus/MANIFEST-000068
2022/06/19-17:03:53.777837 7fc729703cc0 [db/column_family.cc:595] --------------- Options for column family [default]:
2022/06/19-17:03:53.777838 7fc729703cc0               Options.comparator: leveldb.BytewiseComparator
2022/06/19-17:03:53.777839 7fc729703cc0           Options.merge_operator: None
2022/06/19-17:03:53.777840 7fc729703cc0        Options.compaction_filter: None
2022/06/19-17:03:53.777840 7fc729703cc0        Options.compaction_filter_factory: None
2022/06/19-17:03:53.777841 7fc729703cc0  Options.sst_partitioner_factory: None
2022/06/19-17:03:53.777842 7fc729703cc0         Options.memtable_factory: SkipListFactory
2022/06/19-17:03:53.777842 7fc729703cc0            Options.table_factory: BlockBasedTable
2022/06/19-17:03:53.777862 7fc729703cc0            table_factory options:   flush_block_policy_factory: FlushBlockBySizePolicyFactory (0x55e5d72ed610)
  cache_index_and_filter_blocks: 0
  cache_index_and_filter_blocks_with_high_priority: 1
  pin_l0_filter_and_index_blocks_in_cache: 0
  pin_top_level_index_and_filter: 1
  index_type: 0
  data_block_index_type: 0
  index_shortening: 1
  data_block_hash_table_util_ratio: 0.750000
  hash_index_allow_collision: 1
  checksum: 1
  no_block_cache: 0
  block_cache: 0x55e5d72ed660
  block_cache_name: LRUCache
  block_cache_options:
    capacity : 8388608
    num_shard_bits : 4
    strict_capacity_limit : 0
    memory_allocator : None
    high_pri_pool_ratio: 0.000
  block_cache_compressed: (nil)
  persistent_cache: (nil)
  block_size: 4096
  block_size_deviation: 10
  block_restart_interval: 16
  index_block_restart_interval: 1
  metadata_block_size: 4096
  partition_filters: 0
  use_delta_encoding: 1
  filter_policy: nullptr
  whole_key_filtering: 1
  verify_compression: 0
  read_amp_bytes_per_bit: 0
  format_version: 4
  enable_index_compression: 1
  block_align: 0
2022/06/19-17:03:53.777866 7fc729703cc0        Options.write_buffer_size: 67108864
2022/06/19-17:03:53.777866 7fc729703cc0  Options.max_write_buffer_number: 2
2022/06/19-17:03:53.777867 7fc729703cc0          Options.compression: Snappy
2022/06/19-17:03:53.777868 7fc729703cc0                  Options.bottommost_compression: Disabled
2022/06/19-17:03:53.777868 7fc729703cc0       Options.prefix_extractor: nullptr
2022/06/19-17:03:53.777869 7fc729703cc0   Options.memtable_insert_with_hint_prefix_extractor: nullptr
2022/06/19-17:03:53.777870 7fc729703cc0             Options.num_levels: 7
2022/06/19-17:03:53.777870 7fc729703cc0        Options.min_write_buffer_number_to_merge: 1
2022/06/19-17:03:53.777871 7fc729703cc0     Options.max_write_buffer_number_to_maintain: 0
2022/06/19-17:03:53.777871 7fc729703cc0     Options.max_write_buffer_size_to_maintain: 0
2022/06/19-17:03:53.777872 7fc729703cc0            Options.bottommost_compression_opts.window_bits: -14
2022/06/19-17:03:53.777873 7fc729703cc0                  Options.bottommost_compression_opts.level: 32767
2022/06/19-17:03:53.777878 7fc729703cc0               Options.bottommost_compression_opts.strategy: 0
2022/06/19-17:03:53.777879 7fc729703cc0         Options.bottommost_compression_opts.max_dict_bytes: 0
2022/06/19-17:03:53.777879 7fc729703cc0         Options.bottommost_compression_opts.zstd_max_train_bytes: 0
2022/06/19-17:03:53.777880 7fc729703cc0         Options.bottommost_compression_opts.parallel_threads: 1
2022/06/19-17:03:53.777881 7fc729703cc0                  Options.bottommost_compression_opts.enabled: false
2022/06/19-17:03:53.777881 7fc729703cc0            Options.compression_opts.window_bits: -14
2022/06/19-17:03:53.777882 7fc729703cc0                  Options.compression_opts.level: 32767
2022/06/19-17:03:53.777883 7fc729703cc0               Options.compression_opts.strategy: 0
2022/06/19-17:03:53.777883 7fc729703cc0         Options.compression_opts.max_dict_bytes: 0
2022/06/19-17:03:53.777884 7fc729703cc0         Options.compression_opts.zstd_max_train_bytes: 0
2022/06/19-17:03:53.777885 7fc729703cc0         Options.compression_opts.parallel_threads: 1
2022/06/19-17:03:53.777885 7fc729703cc0                  Options.compression_opts.enabled: false
2022/06/19-17:03:53.777886 7fc729703cc0      Options.level0_file_num_compaction_trigger: 4
2022/06/19-17:03:53.777886 7fc729703cc0          Options.level0_slowdown_writes_trigger: 20
2022/06/19-17:03:53.777887 7fc729703cc0              Options.level0_stop_writes_trigger: 36
2022/06/19-17:03:53.777888 7fc729703cc0                   Options.target_file_size_base: 67108864
2022/06/19-17:03:53.777888 7fc729703cc0             Options.target_file_size_multiplier: 1
2022/06/19-17:03:53.777889 7fc729703cc0                Options.max_bytes_for_level_base: 268435456
2022/06/19-17:03:53.777890 7fc729703cc0 Options.level_compaction_dynamic_level_bytes: 0
2022/06/19-17:03:53.777890 7fc729703cc0          Options.max_bytes_for_level_multiplier: 10.000000
2022/06/19-17:03:53.777891 7fc729703cc0 Options.max_bytes_for_level_multiplier_addtl[0]: 1
2022/06/19-17:03:53.777892 7fc729703cc0 Options.max_bytes_for_level_multiplier_addtl[1]: 1
2022/06/19-17:03:53.777893 7fc729703cc0 Options.max_bytes_for_level_multiplier_addtl[2]: 1
2022/06/19-17:03:53.777894 7fc729703cc0 Options.max_bytes_for_level_multiplier_addtl[3]: 1
2022/06/19-17:03:53.777894 7fc729703cc0 Options.max_bytes_for_level_multiplier_addtl[4]: 1
2022/06/19-17:03:53.777895 7fc729703cc0 Options.max_bytes_for_level_multiplier_addtl[5]: 1
2022/06/19-17:03:53.777895 7fc729703cc0 Options.max_bytes_for_level_multiplier_addtl[6]: 1
2022/06/19-17:03:53.777896 7fc729703cc0       Options.max_sequential_skip_in_iterations: 8
2022/06/19-17:03:53.777896 7fc729703cc0                    Options.max_compaction_bytes: 1677721600
2022/06/19-17:03:53.777897 7fc729703cc0                        Options.arena_block_size: 8388608
2022/06/19-17:03:53.777898 7fc729703cc0   Options.soft_pending_compaction_bytes_limit: 68719476736
2022/06/19-17:03:53.777898 7fc729703cc0   Options.hard_pending_compaction_bytes_limit: 274877906944
2022/06/19-17:03:53.777899 7fc729703cc0       Options.rate_limit_delay_max_milliseconds: 100
2022/06/19-17:03:53.777900 7fc729703cc0                Options.disable_auto_compactions: 0
2022/06/19-17:03:53.777901 7fc729703cc0                        Options.compaction_style: kCompactionStyleLevel
2022/06/19-17:03:53.777901 7fc729703cc0                          Options.compaction_pri: kMinOverlappingRatio
2022/06/19-17:03:53.777902 7fc729703cc0 Options.compaction_options_universal.size_ratio: 1
2022/06/19-17:03:53.777903 7fc729703cc0 Options.compaction_options_universal.min_merge_width: 2
2022/06/19-17:03:53.777903 7fc729703cc0 Options.compaction_options_universal.max_merge_width: 4294967295
2022/06/19-17:03:53.777904 7fc729703cc0 Options.compaction_options_universal.max_size_amplification_percent: 200
2022/06/19-17:03:53.777905 7fc729703cc0 Options.compaction_options_universal.compression_size_percent: -1
2022/06/19-17:03:53.777905 7fc729703cc0 Options.compaction_options_universal.stop_style: kCompactionStopStyleTotalSize
2022/06/19-17:03:53.777909 7fc729703cc0 Options.compaction_options_fifo.max_table_files_size: 1073741824
2022/06/19-17:03:53.777910 7fc729703cc0 Options.compaction_options_fifo.allow_compaction: 0
2022/06/19-17:03:53.777912 7fc729703cc0                   Options.table_properties_collectors: 
2022/06/19-17:03:53.777913 7fc729703cc0                   Options.inplace_update_support: 0
2022/06/19-17:03:53.777913 7fc729703cc0                 Options.inplace_update_num_locks: 10000
2022/06/19-17:03:53.777914 7fc729703cc0               Options.memtable_prefix_bloom_size_ratio: 0.000000
2022/06/19-17:03:53.777915 7fc729703cc0               Options.memtable_whole_key_filtering: 0
2022/06/19-17:03:53.777916 7fc729703cc0   Options.memtable_huge_page_size: 0
2022/06/19-17:03:53.777916 7fc729703cc0                           Options.bloom_locality: 0
2022/06/19-17:03:53.777917 7fc729703cc0                    Options.max_successive_merges: 0
2022/06/19-17:03:53.777917 7fc729703cc0                Options.optimize_filters_for_hits: 0
2022/06/19-17:03:53.777918 7fc729703cc0                Options.paranoid_file_checks: 0
2022/06/19-17:03:53.777918 7fc729703cc0                Options.force_consistency_checks: 1
2022/06/19-17:03:53.777919 7fc729703cc0                Options.report_bg_io_stats: 0
2022/06/19-17:03:53.777920 7fc729703cc0                               Options.ttl: 2592000
2022/06/19-17:03:53.777920 7fc729703cc0          Options.periodic_compaction_seconds: 0
2022/06/19-17:03:53.777921 7fc729703cc0                    Options.enable_blob_files: false
2022/06/19-17:03:53.777921 7fc729703cc0                        Options.min_blob_size: 0
2022/06/19-17:03:53.777922 7fc729703cc0                       Options.blob_file_size: 268435456
2022/06/19-17:03:53.777923 7fc729703cc0                Options.blob_compression_type: NoCompression
2022/06/19-17:03:53.777923 7fc729703cc0       Options.enable_blob_garbage_collection: false
2022/06/19-17:03:53.777924 7fc729703cc0   Options.blob_garbage_collection_age_cutoff: 0.250000
2022/06/19-17:03:53.777989 7fc729703cc0 [db/column_family.cc:595] --------------- Options for column family [RB]:
2022/06/19-17:03:53.777991 7fc729703cc0               Options.comparator: leveldb.BytewiseComparator
2022/06/19-17:03:53.777992 7fc729703cc0           Options.merge_operator: None
2022/06/19-17:03:53.777993 7fc729703cc0        Options.compaction_filter: filter_outdated
2022/06/19-17:03:53.777994 7fc729703cc0        Options.compaction_filter_factory: None
2022/06/19-17:03:53.777994 7fc729703cc0  Options.sst_partitioner_factory: None
2022/06/19-17:03:53.777995 7fc729703cc0         Options.memtable_factory: SkipListFactory
2022/06/19-17:03:53.777995 7fc729703cc0            Options.table_factory: BlockBasedTable
2022/06/19-17:03:53.778010 7fc729703cc0            table_factory options:   flush_block_policy_factory: FlushBlockBySizePolicyFactory (0x55e5d72d3810)
  cache_index_and_filter_blocks: 0
  cache_index_and_filter_blocks_with_high_priority: 1
  pin_l0_filter_and_index_blocks_in_cache: 0
  pin_top_level_index_and_filter: 1
  index_type: 0
  data_block_index_type: 0
  index_shortening: 1
  data_block_hash_table_util_ratio: 0.750000
  hash_index_allow_collision: 1
  checksum: 1
  no_block_cache: 0
  block_cache: 0x55e5d72d3860
  block_cache_name: LRUCache
  block_cache_options:
    capacity : 8388608
    num_shard_bits : 4
    strict_capacity_limit : 0
    memory_allocator : None
    high_pri_pool_ratio: 0.000
  block_cache_compressed: (nil)
  persistent_cache: (nil)
  block_size: 4096
  block_size_deviation: 10
  block_restart_interval: 16
  index_block_restart_interval: 1
  metadata_block_size: 4096
  partition_filters: 0
  use_delta_encoding: 1
  filter_policy: nullptr
  whole_key_filtering: 1
  verify_compression: 0
  read_amp_bytes_per_bit: 0
  format_version: 4
  enable_index_compression: 1
  block_align: 0
2022/06/19-17:03:53.778013 7fc729703cc0        Options.write_buffer_size: 67108864
2022/06/19-17:03:53.778014 7fc729703cc0  Options.max_write_buffer_number: 2
2022/06/19-17:03:53.778021 7fc729703cc0          Options.compression: NoCompression
2022/06/19-17:03:53.778021 7fc729703cc0                  Options.bottommost_compression: Disabled
2022/06/19-17:03:53.778022 7fc729703cc0       Options.prefix_extractor: nullptr
2022/06/19-17:03:53.778023 7fc729703cc0   Options.memtable_insert_with_hint_prefix_extractor: nullptr
2022/06/19-17:03:53.778023 7fc729703cc0             Options.num_levels: 7
2022/06/19-17:03:53.778024 7fc729703cc0        Options.min_write_buffer_number_to_merge: 1
2022/06/19-17:03:53.778025 7fc729703cc0     Options.max_write_buffer_number_to_maintain: 0
2022/06/19-17:03:53.778025 7fc729703cc0     Options.max_write_buffer_size_to_maintain: 0
2022/06/19-17:03:53.778026 7fc729703cc0            Options.bottommost_compression_opts.window_bits: -14
2022/06/19-17:03:53.778027 7fc729703cc0                  Options.bottommost_compression_opts.level: 32767
2022/06/19-17:03:53.778027 7fc729703cc0               Options.bottommost_compression_opts.strategy: 0
2022/06/19-17:03:53.778028 7fc729703cc0         Options.bottommost_compression_opts.max_dict_bytes: 0
2022/06/19-17:03:53.778029 7fc729703cc0         Options.bottommost_compression_opts.zstd_max_train_bytes: 0
2022/06/19-17:03:53.778029 7fc729703cc0         Options.bottommost_compression_opts.parallel_threads: 1
2022/06/19-17:03:53.778030 7fc729703cc0                  Options.bottommost_compression_opts.enabled: false
2022/06/19-17:03:53.778030 7fc729703cc0            Options.compression_opts.window_bits: -14
2022/06/19-17:03:53.778031 7fc729703cc0                  Options.compression_opts.level: 32767
2022/06/19-17:03:53.778032 7fc729703cc0               Options.compression_opts.strategy: 0
2022/06/19-17:03:53.778032 7fc729703cc0         Options.compression_opts.max_dict_bytes: 0
2022/06/19-17:03:53.778033 7fc729703cc0         Options.compression_opts.zstd_max_train_bytes: 0
2022/06/19-17:03:53.778033 7fc729703cc0         Options.compression_opts.parallel_threads: 1
2022/06/19-17:03:53.778034 7fc729703cc0                  Options.compression_opts.enabled: false
2022/06/19-17:03:53.778035 7fc729703cc0      Options.level0_file_num_compaction_trigger: 4
2022/06/19-17:03:53.778035 7fc729703cc0          Options.level0_slowdown_writes_trigger: 20
2022/06/19-17:03:53.778036 7fc729703cc0              Options.level0_stop_writes_trigger: 36
2022/06/19-17:03:53.778036 7fc729703cc0                   Options.target_file_size_base: 67108864
2022/06/19-17:03:53.778037 7fc729703cc0             Options.target_file_size_multiplier: 1
2022/06/19-17:03:53.778038 7fc729703cc0                Options.max_bytes_for_level_base: 268435456
2022/06/19-17:03:53.778038 7fc729703cc0 Options.level_compaction_dynamic_level_bytes: 0
2022/06/19-17:03:53.778039 7fc729703cc0          Options.max_bytes_for_level_multiplier: 10.000000
2022/06/19-17:03:53.778040 7fc729703cc0 Options.max_bytes_for_level_multiplier_addtl[0]: 1
2022/06/19-17:03:53.778041 7fc729703cc0 Options.max_bytes_for_level_multiplier_addtl[1]: 1
2022/06/19-17:03:53.778041 7fc729703cc0 Options.max_bytes_for_level_multiplier_addtl[2]: 1
2022/06/19-17:03:53.778042 7fc729703cc0 Options.max_bytes_for_level_multiplier_addtl[3]: 1
2022/06/19-17:03:53.778043 7fc729703cc0 Options.max_bytes_for_level_multiplier_addtl[4]: 1
2022/06/19-17:03:53.778043 7fc729703cc0 Options.max_bytes_for_level_multiplier_addtl[5]: 1
2022/06/19-17:03:53.778044 7fc729703cc0 Options.max_bytes_for_level_multiplier_addtl[6]: 1
2022/06/19-17:03:53.778044 7fc729703cc0       Options.max_sequential_skip_in_iterations: 8
2022/06/19-17:03:53.778045 7fc729703cc0                    Options.max_compaction_bytes: 1677721600
2022/06/19-17:03:53.778046 7fc729703cc0                        Options.arena_block_size: 8388608
2022/06/19-17:03:53.778046 7fc729703cc0   Options.soft_pending_compaction_bytes_limit: 68719476736
2022/06/19-17:03:53.778047 7fc729703cc0   Options.hard_pending_compaction_bytes_limit: 274877906944
2022/06/19-17:03:53.778047 7fc729703cc0       Options.rate_limit_delay_max_milliseconds: 100
2022/06/19-17:03:53.778048 7fc729703cc0                Options.disable_auto_compactions: 1
2022/06/19-17:03:53.778051 7fc729703cc0                        Options.compaction_style: kCompactionStyleLevel
2022/06/19-17:03:53.778052 7fc729703cc0                          Options.compaction_pri: kMinOverlappingRatio
2022/06/19-17:03:53.778053 7fc729703cc0 Options.compaction_options_universal.size_ratio: 1
2022/06/19-17:03:53.778053 7fc729703cc0 Options.compaction_options_universal.min_merge_width: 2
2022/06/19-17:03:53.778054 7fc729703cc0 Options.compaction_options_universal.max_merge_width: 4294967295
2022/06/19-17:03:53.778055 7fc729703cc0 Options.compaction_options_universal.max_size_amplification_percent: 200
2022/06/19-17:03:53.778055 7fc729703cc0 Options.compaction_options_universal.compression_size_percent: -1
2022/06/19-17:03:53.778056 7fc729703cc0 Options.compaction_options_universal.stop_style: kCompactionStopStyleTotalSize
2022/06/19-17:03:53.778057 7fc729703cc0 Options.compaction_options_fifo.max_table_files_size: 1073741824
2022/06/19-17:03:53.778057 7fc729703cc0 Options.compaction_options_fifo.allow_compaction: 0
2022/06/19-17:03:53.778059 7fc729703cc0                   Options.table_properties_collectors: 
2022/06/19-17:03:53.778060 7fc729703cc0                   Options.inplace_update_support: 0
2022/06/19-17:03:53.778060 7fc729703cc0                 Options.inplace_update_num_locks: 10000
2022/06/19-17:03:53.778061 7fc729703cc0               Options.memtable_prefix_bloom_size_ratio: 0.000000
2022/06/19-17:03:53.778062 7fc729703cc0               Options.memtable_whole_key_filtering: 0
2022/06/19-17:03:53.778062 7fc729703cc0   Options.memtable_huge_page_size: 0
2022/06/19-17:03:53.778063 7fc729703cc0                           Options.bloom_locality: 0
2022/06/19-17:03:53.778063 7fc729703cc0                    Options.max_successive_merges: 0
2022/06/19-17:03:53.778064 7fc729703cc0                Options.optimize_filters_for_hits: 0
2022/06/19-17:03:53.778064 7fc729703cc0                Options.paranoid_file_checks: 0
2022/06/19-17:03:53.778065 7fc729703cc0                Options.force_consistency_checks: 1
2022/06/19-17:03:53.778066 7fc729703cc0                Options.report_bg_io_stats: 0
2022/06/19-17:03:53.778066 7fc729703cc0                               Options.ttl: 2592000
2022/06/19-17:03:53.778067 7fc729703cc0          Options.periodic_compaction_seconds: 2592000
2022/06/19-17:03:53.778067 7fc729703cc0                    Options.enable_blob_files: false
2022/06/19-17:03:53.778068 7fc729703cc0                        Options.min_blob_size: 0
2022/06/19-17:03:53.778069 7fc729703cc0                       Options.blob_file_size: 268435456
2022/06/19-17:03:53.778069 7fc729703cc0                Options.blob_compression_type: NoCompression
2022/06/19-17:03:53.778070 7fc729703cc0       Options.enable_blob_garbage_collection: false
2022/06/19-17:03:53.778070 7fc729703cc0   Options.blob_garbage_collection_age_cutoff: 0.250000
2022/06/19-17:03:53.778089 7fc729703cc0 [db/column_family.cc:595] --------------- Options for column family [FZ]:
2022/06/19-17:03:53.778089 7fc729703cc0               Options.comparator: leveldb.BytewiseComparator
2022/06/19-17:03:53.778090 7fc729703cc0           Options.merge_operator: None
2022/06/19-17:03:53.778091 7fc729703cc0        Options.compaction_filter: filter_outdated
2022/06/19-17:03:53.778091 7fc729703cc0        Options.compaction_filter_factory: None
2022/06/19-17:03:53.778092 7fc729703cc0  Options.sst_partitioner_factory: None
2022/06/19-17:03:53.778092 7fc729703cc0         Options.memtable_factory: SkipListFactory
2022/06/19-17:03:53.778093 7fc729703cc0            Options.table_factory: BlockBasedTable
2022/06/19-17:03:53.778103 7fc729703cc0            table_factory options:   flush_block_policy_factory: FlushBlockBySizePolicyFactory (0x55e5d72d5aa0)
  cache_index_and_filter_blocks: 0
  cache_index_and_filter_blocks_with_high_priority: 1
  pin_l0_filter_and_index_blocks_in_cache: 0
  pin_top_level_index_and_filter: 1
  index_type: 0
  data_block_index_type: 0
  index_shortening: 1
  data_block_hash_table_util_ratio: 0.750000
  hash_index_allow_collision: 1
  checksum: 1
  no_block_cache: 0
  block_cache: 0x55e5d72d5af0
  block_cache_name: LRUCache
  block_cache_options:
    capacity : 8388608
    num_shard_bits : 4
    strict_capacity_limit : 0
    memory_allocator : None
    high_pri_pool_ratio: 0.000
  block_cache_compressed: (nil)
  persistent_cache: (nil)
  block_size: 4096
  block_size_deviation: 10
  block_restart_interval: 16
  index_block_restart_interval: 1
  metadata_block_size: 4096
  partition_filters: 0
  use_delta_encoding: 1
  filter_policy: nullptr
  whole_key_filtering: 1
  verify_compression: 0
  read_amp_bytes_per_bit: 0
  format_version: 4
  enable_index_compression: 1
  block_align: 0
2022/06/19-17:03:53.778108 7fc729703cc0        Options.write_buffer_size: 67108864
2022/06/19-17:03:53.778109 7fc729703cc0  Options.max_write_buffer_number: 2
2022/06/19-17:03:53.778110 7fc729703cc0          Options.compression: NoCompression
2022/06/19-17:03:53.778110 7fc729703cc0                  Options.bottommost_compression: Disabled
2022/06/19-17:03:53.778111 7fc729703cc0       Options.prefix_extractor: nullptr
2022/06/19-17:03:53.778111 7fc729703cc0   Options.memtable_insert_with_hint_prefix_extractor: nullptr
2022/06/19-17:03:53.778112 7fc729703cc0             Options.num_levels: 7
2022/06/19-17:03:53.778113 7fc729703cc0        Options.min_write_buffer_number_to_merge: 1
2022/06/19-17:03:53.778113 7fc729703cc0     Options.max_write_buffer_number_to_maintain: 0
2022/06/19-17:03:53.778114 7fc729703cc0     Options.max_write_buffer_size_to_maintain: 0
2022/06/19-17:03:53.778115 7fc729703cc0            Options.bottommost_compression_opts.window_bits: -14
2022/06/19-17:03:53.778115 7fc729703cc0                  Options.bottommost_compression_opts.level: 32767
2022/06/19-17:03:53.778116 7fc729703cc0               Options.bottommost_compression_opts.strategy: 0
2022/06/19-17:03:53.778116 7fc729703cc0         Options.bottommost_compression_opts.max_dict_bytes: 0
2022/06/19-17:03:53.778117 7fc729703cc0         Options.bottommost_compression_opts.zstd_max_train_bytes: 0
2022/06/19-17:03:53.778117 7fc729703cc0         Options.bottommost_compression_opts.parallel_threads: 1
2022/06/19-17:03:53.778118 7fc729703cc0                  Options.bottommost_compression_opts.enabled: false
2022/06/19-17:03:53.778119 7fc729703cc0            Options.compression_opts.window_bits: -14
2022/06/19-17:03:53.778119 7fc729703cc0                  Options.compression_opts.level: 32767
2022/06/19-17:03:53.778120 7fc729703cc0               Options.compression_opts.strategy: 0
2022/06/19-17:03:53.778120 7fc729703cc0         Options.compression_opts.max_dict_bytes: 0
2022/06/19-17:03:53.778121 7fc729703cc0         Options.compression_opts.zstd_max_train_bytes: 0
2022/06/19-17:03:53.778122 7fc729703cc0         Options.compression_opts.parallel_threads: 1
2022/06/19-17:03:53.778122 7fc729703cc0                  Options.compression_opts.enabled: false
2022/06/19-17:03:53.778123 7fc729703cc0      Options.level0_file_num_compaction_trigger: 4
2022/06/19-17:03:53.778123 7fc729703cc0          Options.level0_slowdown_writes_trigger: 20
2022/06/19-17:03:53.778124 7fc729703cc0              Options.level0_stop_writes_trigger: 36
2022/06/19-17:03:53.778125 7fc729703cc0                   Options.target_file_size_base: 67108864
2022/06/19-17:03:53.778125 7fc729703cc0             Options.target_file_size_multiplier: 1
2022/06/19-17:03:53.778126 7fc729703cc0                Options.max_bytes_for_level_base: 268435456
2022/06/19-17:03:53.778126 7fc729703cc0 Options.level_compaction_dynamic_level_bytes: 0
2022/06/19-17:03:53.778127 7fc729703cc0          Options.max_bytes_for_level_multiplier: 10.000000
2022/06/19-17:03:53.778128 7fc729703cc0 Options.max_bytes_for_level_multiplier_addtl[0]: 1
2022/06/19-17:03:53.778129 7fc729703cc0 Options.max_bytes_for_level_multiplier_addtl[1]: 1
2022/06/19-17:03:53.778129 7fc729703cc0 Options.max_bytes_for_level_multiplier_addtl[2]: 1
2022/06/19-17:03:53.778130 7fc729703cc0 Options.max_bytes_for_level_multiplier_addtl[3]: 1
2022/06/19-17:03:53.778133 7fc729703cc0 Options.max_bytes_for_level_multiplier_addtl[4]: 1
2022/06/19-17:03:53.778134 7fc729703cc0 Options.max_bytes_for_level_multiplier_addtl[5]: 1
2022/06/19-17:03:53.778134 7fc729703cc0 Options.max_bytes_for_level_multiplier_addtl[6]: 1
2022/06/19-17:03:53.778135 7fc729703cc0       Options.max_sequential_skip_in_iterations: 8
2022/06/19-17:03:53.778136 7fc729703cc0                    Options.max_compaction_bytes: 1677721600
2022/06/19-17:03:53.778136 7fc729703cc0                        Options.arena_block_size: 8388608
2022/06/19-17:03:53.778137 7fc729703cc0   Options.soft_pending_compaction_bytes_limit: 68719476736
2022/06/19-17:03:53.778137 7fc729703cc0   Options.hard_pending_compaction_bytes_limit: 274877906944
2022/06/19-17:03:53.778138 7fc729703cc0       Options.rate_limit_delay_max_milliseconds: 100
2022/06/19-17:03:53.778139 7fc729703cc0                Options.disable_auto_compactions: 1
2022/06/19-17:03:53.778139 7fc729703cc0                        Options.compaction_style: kCompactionStyleLevel
2022/06/19-17:03:53.778140 7fc729703cc0                          Options.compaction_pri: kMinOverlappingRatio
2022/06/19-17:03:53.778140 7fc729703cc0 Options.compaction_options_universal.size_ratio: 1
2022/06/19-17:03:53.778141 7fc729703cc0 Options.compaction_options_universal.min_merge_width: 2
2022/06/19-17:03:53.778142 7fc729703cc0 Options.compaction_options_universal.max_merge_width: 4294967295
2022/06/19-17:03:53.778142 7fc729703cc0 Options.compaction_options_universal.max_size_amplification_percent: 200
2022/06/19-17:03:53.778143 7fc729703cc0 Options.compaction_options_universal.compression_size_percent: -1
2022/06/19-17:03:53.778143 7fc729703cc0 Options.compaction_options_universal.stop_style: kCompactionStopStyleTotalSize
2022/06/19-17:03:53.778144 7fc729703cc0 Options.compaction_options_fifo.max_table_files_size: 1073741824
2022/06/19-17:03:53.778145 7fc729703cc0 Options.compaction_options_fifo.allow_compaction: 0
2022/06/19-17:03:53.778146 7fc729703cc0                   Options.table_properties_collectors: 
2022/06/19-17:03:53.778146 7fc729703cc0                   Options.inplace_update_support: 0
2022/06/19-17:03:53.778147 7fc729703cc0                 Options.inplace_update_num_locks: 10000
2022/06/19-17:03:53.778147 7fc729703cc0               Options.memtable_prefix_bloom_size_ratio: 0.000000
2022/06/19-17:03:53.778148 7fc729703cc0               Options.memtable_whole_key_filtering: 0
2022/06/19-17:03:53.778149 7fc729703cc0   Options.memtable_huge_page_size: 0
2022/06/19-17:03:53.778149 7fc729703cc0                           Options.bloom_locality: 0
2022/06/19-17:03:53.778150 7fc729703cc0                    Options.max_successive_merges: 0
2022/06/19-17:03:53.778150 7fc729703cc0                Options.optimize_filters_for_hits: 0
2022/06/19-17:03:53.778151 7fc729703cc0                Options.paranoid_file_checks: 0
2022/06/19-17:03:53.778152 7fc729703cc0                Options.force_consistency_checks: 1
2022/06/19-17:03:53.778152 7fc729703cc0                Options.report_bg_io_stats: 0
2022/06/19-17:03:53.778153 7fc729703cc0                               Options.ttl: 2592000
2022/06/19-17:03:53.778153 7fc729703cc0          Options.periodic_compaction_seconds: 2592000
2022/06/19-17:03:53.778154 7fc729703cc0                    Options.enable_blob_files: false
2022/06/19-17:03:53.778154 7fc729703cc0                        Options.min_blob_size: 0
2022/06/19-17:03:53.778155 7fc729703cc0                       Options.blob_file_size: 268435456
2022/06/19-17:03:53.778156 7fc729703cc0                Options.blob_compression_type: NoCompression
2022/06/19-17:03:53.778156 7fc729703cc0       Options.enable_blob_garbage_collection: false
2022/06/19-17:03:53.778157 7fc729703cc0   Options.blob_garbage_collection_age_cutoff: 0.250000
2022/06/19-17:03:53.778176 7fc729703cc0 [db/column_family.cc:595] --------------- Options for column family [NZ]:
2022/06/19-17:03:53.778177 7fc729703cc0               Options.comparator: leveldb.BytewiseComparator
2022/06/19-17:03:53.778178 7fc729703cc0           Options.merge_operator: None
2022/06/19-17:03:53.778181 7fc729703cc0        Options.compaction_filter: filter_outdated
2022/06/19-17:03:53.778182 7fc729703cc0        Options.compaction_filter_factory: None
2022/06/19-17:03:53.778183 7fc729703cc0  Options.sst_partitioner_factory: None
2022/06/19-17:03:53.778183 7fc729703cc0         Options.memtable_factory: SkipListFactory
2022/06/19-17:03:53.778184 7fc729703cc0            Options.table_factory: BlockBasedTable
2022/06/19-17:03:53.778193 7fc729703cc0            table_factory options:   flush_block_policy_factory: FlushBlockBySizePolicyFactory (0x55e5d72d7d50)
  cache_index_and_filter_blocks: 0
  cache_index_and_filter_blocks_with_high_priority: 1
  pin_l0_filter_and_index_blocks_in_cache: 0
  pin_top_level_index_and_filter: 1
  index_type: 0
  data_block_index_type: 0
  index_shortening: 1
  data_block_hash_table_util_ratio: 0.750000
  hash_index_allow_collision: 1
  checksum: 1
  no_block_cache: 0
  block_cache: 0x55e5d72d7da0
  block_cache_name: LRUCache
  block_cache_options:
    capacity : 8388608
    num_shard_bits : 4
    strict_capacity_limit : 0
    memory_allocator : None
    high_pri_pool_ratio: 0.000
  block_cache_compressed: (nil)
  persistent_cache: (nil)
  block_size: 4096
  block_size_deviation: 10
  block_restart_interval: 16
  index_block_restart_interval: 1
  metadata_block_size: 4096
  partition_filters: 0
  use_delta_encoding: 1
  filter_policy: nullptr
  whole_key_filtering: 1
  verify_compression: 0
  read_amp_bytes_per_bit: 0
  format_version: 4
  enable_index_compression: 1
  block_align: 0
2022/06/19-17:03:53.778196 7fc729703cc0        Options.write_buffer_size: 67108864
2022/06/19-17:03:53.778197 7fc729703cc0  Options.max_write_buffer_number: 2
2022/06/19-17:03:53.778197 7fc729703cc0          Options.compression: NoCompression
2022/06/19-17:03:53.778198 7fc729703cc0                  Options.bottommost_compression: Disabled
2022/06/19-17:03:53.778199 7fc729703cc0       Options.prefix_extractor: nullptr
2022/06/19-17:03:53.778199 7fc729703cc0   Options.memtable_insert_with_hint_prefix_extractor: nullptr
2022/06/19-17:03:53.778200 7fc729703cc0             Options.num_levels: 7
2022/06/19-17:03:53.778200 7fc729703cc0        Options.min_write_buffer_number_to_merge: 1
2022/06/19-17:03:53.778201 7fc729703cc0     Options.max_write_buffer_number_to_maintain: 0
2022/06/19-17:03:53.778202 7fc729703cc0     Options.max_write_buffer_size_to_maintain: 0
2022/06/19-17:03:53.778202 7fc729703cc0            Options.bottommost_compression_opts.window_bits: -14
2022/06/19-17:03:53.778203 7fc729703cc0                  Options.bottommost_compression_opts.level: 32767
2022/06/19-17:03:53.778203 7fc729703cc0               Options.bottommost_compression_opts.strategy: 0
2022/06/19-17:03:53.778204 7fc729703cc0         Options.bottommost_compression_opts.max_dict_bytes: 0
2022/06/19-17:03:53.778204 7fc729703cc0         Options.bottommost_compression_opts.zstd_max_train_bytes: 0
