2022/06/25-09:56:10.521719 7f2b395d7cc0 RocksDB version: 6.17.0
2022/06/25-09:56:10.521811 7f2b395d7cc0 Git sha 0
2022/06/25-09:56:10.521840 7f2b395d7cc0 DB SUMMARY
2022/06/25-09:56:10.521842 7f2b395d7cc0 DB Session ID:  8MYNEMQ7OOOWPG27ENXC
2022/06/25-09:56:10.521858 7f2b395d7cc0 CURRENT file:  CURRENT
2022/06/25-09:56:10.521858 7f2b395d7cc0 IDENTITY file:  IDENTITY
2022/06/25-09:56:10.521861 7f2b395d7cc0 MANIFEST file:  MANIFEST-000043 size: 3721 Bytes
2022/06/25-09:56:10.521862 7f2b395d7cc0 SST files in /home/moon/OpenProject/my-app/template-react-ts/.dfx/state/replicated_state/node-100/ic_consensus_pool/certification dir, Total Num: 2, files: 000068.sst 000071.sst 
2022/06/25-09:56:10.521863 7f2b395d7cc0 Write Ahead Log file in /home/moon/OpenProject/my-app/template-react-ts/.dfx/state/replicated_state/node-100/ic_consensus_pool/certification: 000066.log size: 221 ; 000069.log size: 887973 ; 
2022/06/25-09:56:10.521863 7f2b395d7cc0                         Options.error_if_exists: 0
2022/06/25-09:56:10.521864 7f2b395d7cc0                       Options.create_if_missing: 1
2022/06/25-09:56:10.521865 7f2b395d7cc0                         Options.paranoid_checks: 1
2022/06/25-09:56:10.521866 7f2b395d7cc0                               Options.track_and_verify_wals_in_manifest: 0
2022/06/25-09:56:10.521867 7f2b395d7cc0                                     Options.env: 0x55c156f81380
2022/06/25-09:56:10.521868 7f2b395d7cc0                                      Options.fs: Posix File System
2022/06/25-09:56:10.521868 7f2b395d7cc0                                Options.info_log: 0x55c1908e21a0
2022/06/25-09:56:10.521869 7f2b395d7cc0                Options.max_file_opening_threads: 16
2022/06/25-09:56:10.521870 7f2b395d7cc0                              Options.statistics: (nil)
2022/06/25-09:56:10.521871 7f2b395d7cc0                               Options.use_fsync: 1
2022/06/25-09:56:10.521871 7f2b395d7cc0                       Options.max_log_file_size: 0
2022/06/25-09:56:10.521872 7f2b395d7cc0                  Options.max_manifest_file_size: 1073741824
2022/06/25-09:56:10.521873 7f2b395d7cc0                   Options.log_file_time_to_roll: 0
2022/06/25-09:56:10.521873 7f2b395d7cc0                       Options.keep_log_file_num: 1000
2022/06/25-09:56:10.521874 7f2b395d7cc0                    Options.recycle_log_file_num: 0
2022/06/25-09:56:10.521875 7f2b395d7cc0                         Options.allow_fallocate: 1
2022/06/25-09:56:10.521875 7f2b395d7cc0                        Options.allow_mmap_reads: 0
2022/06/25-09:56:10.521876 7f2b395d7cc0                       Options.allow_mmap_writes: 0
2022/06/25-09:56:10.521877 7f2b395d7cc0                        Options.use_direct_reads: 0
2022/06/25-09:56:10.521877 7f2b395d7cc0                        Options.use_direct_io_for_flush_and_compaction: 0
2022/06/25-09:56:10.521878 7f2b395d7cc0          Options.create_missing_column_families: 1
2022/06/25-09:56:10.521878 7f2b395d7cc0                              Options.db_log_dir: 
2022/06/25-09:56:10.521879 7f2b395d7cc0                                 Options.wal_dir: /home/moon/OpenProject/my-app/template-react-ts/.dfx/state/replicated_state/node-100/ic_consensus_pool/certification
2022/06/25-09:56:10.521880 7f2b395d7cc0                Options.table_cache_numshardbits: 6
2022/06/25-09:56:10.521880 7f2b395d7cc0                         Options.WAL_ttl_seconds: 0
2022/06/25-09:56:10.521881 7f2b395d7cc0                       Options.WAL_size_limit_MB: 0
2022/06/25-09:56:10.521882 7f2b395d7cc0                        Options.max_write_batch_group_size_bytes: 1048576
2022/06/25-09:56:10.521882 7f2b395d7cc0             Options.manifest_preallocation_size: 4194304
2022/06/25-09:56:10.521883 7f2b395d7cc0                     Options.is_fd_close_on_exec: 1
2022/06/25-09:56:10.521884 7f2b395d7cc0                   Options.advise_random_on_open: 1
2022/06/25-09:56:10.521884 7f2b395d7cc0                    Options.db_write_buffer_size: 0
2022/06/25-09:56:10.521885 7f2b395d7cc0                    Options.write_buffer_manager: 0x55c190931a80
2022/06/25-09:56:10.521885 7f2b395d7cc0         Options.access_hint_on_compaction_start: 1
2022/06/25-09:56:10.521921 7f2b395d7cc0  Options.new_table_reader_for_compaction_inputs: 0
2022/06/25-09:56:10.521922 7f2b395d7cc0           Options.random_access_max_buffer_size: 1048576
2022/06/25-09:56:10.521923 7f2b395d7cc0                      Options.use_adaptive_mutex: 0
2022/06/25-09:56:10.521924 7f2b395d7cc0                            Options.rate_limiter: (nil)
2022/06/25-09:56:10.521925 7f2b395d7cc0     Options.sst_file_manager.rate_bytes_per_sec: 0
2022/06/25-09:56:10.521925 7f2b395d7cc0                       Options.wal_recovery_mode: 2
2022/06/25-09:56:10.521926 7f2b395d7cc0                  Options.enable_thread_tracking: 0
2022/06/25-09:56:10.521926 7f2b395d7cc0                  Options.enable_pipelined_write: 0
2022/06/25-09:56:10.521927 7f2b395d7cc0                  Options.unordered_write: 0
2022/06/25-09:56:10.521928 7f2b395d7cc0         Options.allow_concurrent_memtable_write: 1
2022/06/25-09:56:10.521928 7f2b395d7cc0      Options.enable_write_thread_adaptive_yield: 1
2022/06/25-09:56:10.521929 7f2b395d7cc0             Options.write_thread_max_yield_usec: 100
2022/06/25-09:56:10.521929 7f2b395d7cc0            Options.write_thread_slow_yield_usec: 3
2022/06/25-09:56:10.521930 7f2b395d7cc0                               Options.row_cache: None
2022/06/25-09:56:10.521930 7f2b395d7cc0                              Options.wal_filter: None
2022/06/25-09:56:10.521931 7f2b395d7cc0             Options.avoid_flush_during_recovery: 0
2022/06/25-09:56:10.521932 7f2b395d7cc0             Options.allow_ingest_behind: 0
2022/06/25-09:56:10.521932 7f2b395d7cc0             Options.preserve_deletes: 0
2022/06/25-09:56:10.521933 7f2b395d7cc0             Options.two_write_queues: 0
2022/06/25-09:56:10.521934 7f2b395d7cc0             Options.manual_wal_flush: 0
2022/06/25-09:56:10.521934 7f2b395d7cc0             Options.atomic_flush: 0
2022/06/25-09:56:10.521935 7f2b395d7cc0             Options.avoid_unnecessary_blocking_io: 0
2022/06/25-09:56:10.521935 7f2b395d7cc0                 Options.persist_stats_to_disk: 0
2022/06/25-09:56:10.521936 7f2b395d7cc0                 Options.write_dbid_to_manifest: 0
2022/06/25-09:56:10.521936 7f2b395d7cc0                 Options.log_readahead_size: 0
2022/06/25-09:56:10.521937 7f2b395d7cc0                 Options.file_checksum_gen_factory: Unknown
2022/06/25-09:56:10.521938 7f2b395d7cc0                 Options.best_efforts_recovery: 0
2022/06/25-09:56:10.521938 7f2b395d7cc0                Options.max_bgerror_resume_count: 2147483647
2022/06/25-09:56:10.521939 7f2b395d7cc0            Options.bgerror_resume_retry_interval: 1000000
2022/06/25-09:56:10.521939 7f2b395d7cc0             Options.allow_data_in_errors: 0
2022/06/25-09:56:10.521940 7f2b395d7cc0             Options.db_host_id: __hostname__
2022/06/25-09:56:10.521941 7f2b395d7cc0             Options.max_background_jobs: 2
2022/06/25-09:56:10.521941 7f2b395d7cc0             Options.max_background_compactions: -1
2022/06/25-09:56:10.521942 7f2b395d7cc0             Options.max_subcompactions: 1
2022/06/25-09:56:10.521942 7f2b395d7cc0             Options.avoid_flush_during_shutdown: 0
2022/06/25-09:56:10.521943 7f2b395d7cc0           Options.writable_file_max_buffer_size: 1048576
2022/06/25-09:56:10.521944 7f2b395d7cc0             Options.delayed_write_rate : 16777216
2022/06/25-09:56:10.521944 7f2b395d7cc0             Options.max_total_wal_size: 0
2022/06/25-09:56:10.521945 7f2b395d7cc0             Options.delete_obsolete_files_period_micros: 21600000000
2022/06/25-09:56:10.521945 7f2b395d7cc0                   Options.stats_dump_period_sec: 600
2022/06/25-09:56:10.521946 7f2b395d7cc0                 Options.stats_persist_period_sec: 600
2022/06/25-09:56:10.521947 7f2b395d7cc0                 Options.stats_history_buffer_size: 1048576
2022/06/25-09:56:10.521947 7f2b395d7cc0                          Options.max_open_files: -1
2022/06/25-09:56:10.521948 7f2b395d7cc0                          Options.bytes_per_sync: 0
2022/06/25-09:56:10.521948 7f2b395d7cc0                      Options.wal_bytes_per_sync: 0
2022/06/25-09:56:10.521949 7f2b395d7cc0                   Options.strict_bytes_per_sync: 0
2022/06/25-09:56:10.521988 7f2b395d7cc0       Options.compaction_readahead_size: 0
2022/06/25-09:56:10.521990 7f2b395d7cc0                  Options.max_background_flushes: -1
2022/06/25-09:56:10.521990 7f2b395d7cc0 Compression algorithms supported:
2022/06/25-09:56:10.521991 7f2b395d7cc0 	kZSTDNotFinalCompression supported: 1
2022/06/25-09:56:10.521992 7f2b395d7cc0 	kZSTD supported: 1
2022/06/25-09:56:10.521993 7f2b395d7cc0 	kXpressCompression supported: 0
2022/06/25-09:56:10.521994 7f2b395d7cc0 	kLZ4HCCompression supported: 1
2022/06/25-09:56:10.521995 7f2b395d7cc0 	kLZ4Compression supported: 1
2022/06/25-09:56:10.521995 7f2b395d7cc0 	kBZip2Compression supported: 1
2022/06/25-09:56:10.521996 7f2b395d7cc0 	kZlibCompression supported: 1
2022/06/25-09:56:10.521997 7f2b395d7cc0 	kSnappyCompression supported: 1
2022/06/25-09:56:10.522000 7f2b395d7cc0 Fast CRC32 supported: Supported on x86
2022/06/25-09:56:10.522028 7f2b395d7cc0 [db/version_set.cc:4758] Recovering from manifest file: /home/moon/OpenProject/my-app/template-react-ts/.dfx/state/replicated_state/node-100/ic_consensus_pool/certification/MANIFEST-000043
2022/06/25-09:56:10.522079 7f2b395d7cc0 [db/column_family.cc:595] --------------- Options for column family [default]:
2022/06/25-09:56:10.522080 7f2b395d7cc0               Options.comparator: leveldb.BytewiseComparator
2022/06/25-09:56:10.522081 7f2b395d7cc0           Options.merge_operator: None
2022/06/25-09:56:10.522082 7f2b395d7cc0        Options.compaction_filter: None
2022/06/25-09:56:10.522082 7f2b395d7cc0        Options.compaction_filter_factory: None
2022/06/25-09:56:10.522083 7f2b395d7cc0  Options.sst_partitioner_factory: None
2022/06/25-09:56:10.522083 7f2b395d7cc0         Options.memtable_factory: SkipListFactory
2022/06/25-09:56:10.522084 7f2b395d7cc0            Options.table_factory: BlockBasedTable
2022/06/25-09:56:10.522096 7f2b395d7cc0            table_factory options:   flush_block_policy_factory: FlushBlockBySizePolicyFactory (0x55c1909a9130)
  cache_index_and_filter_blocks: 0
  cache_index_and_filter_blocks_with_high_priority: 1
  pin_l0_filter_and_index_blocks_in_cache: 0
  pin_top_level_index_and_filter: 1
  index_type: 0
  data_block_index_type: 0
  index_shortening: 1
  data_block_hash_table_util_ratio: 0.750000
  hash_index_allow_collision: 1
  checksum: 1
  no_block_cache: 0
  block_cache: 0x55c1908dd880
  block_cache_name: LRUCache
  block_cache_options:
    capacity : 8388608
    num_shard_bits : 4
    strict_capacity_limit : 0
    memory_allocator : None
    high_pri_pool_ratio: 0.000
  block_cache_compressed: (nil)
  persistent_cache: (nil)
  block_size: 4096
  block_size_deviation: 10
  block_restart_interval: 16
  index_block_restart_interval: 1
  metadata_block_size: 4096
  partition_filters: 0
  use_delta_encoding: 1
  filter_policy: nullptr
  whole_key_filtering: 1
  verify_compression: 0
  read_amp_bytes_per_bit: 0
  format_version: 4
  enable_index_compression: 1
  block_align: 0
2022/06/25-09:56:10.522097 7f2b395d7cc0        Options.write_buffer_size: 67108864
2022/06/25-09:56:10.522097 7f2b395d7cc0  Options.max_write_buffer_number: 2
2022/06/25-09:56:10.522098 7f2b395d7cc0          Options.compression: Snappy
2022/06/25-09:56:10.522099 7f2b395d7cc0                  Options.bottommost_compression: Disabled
2022/06/25-09:56:10.522099 7f2b395d7cc0       Options.prefix_extractor: nullptr
2022/06/25-09:56:10.522100 7f2b395d7cc0   Options.memtable_insert_with_hint_prefix_extractor: nullptr
2022/06/25-09:56:10.522100 7f2b395d7cc0             Options.num_levels: 7
2022/06/25-09:56:10.522101 7f2b395d7cc0        Options.min_write_buffer_number_to_merge: 1
2022/06/25-09:56:10.522102 7f2b395d7cc0     Options.max_write_buffer_number_to_maintain: 0
2022/06/25-09:56:10.522102 7f2b395d7cc0     Options.max_write_buffer_size_to_maintain: 0
2022/06/25-09:56:10.522103 7f2b395d7cc0            Options.bottommost_compression_opts.window_bits: -14
2022/06/25-09:56:10.522103 7f2b395d7cc0                  Options.bottommost_compression_opts.level: 32767
2022/06/25-09:56:10.522143 7f2b395d7cc0               Options.bottommost_compression_opts.strategy: 0
2022/06/25-09:56:10.522145 7f2b395d7cc0         Options.bottommost_compression_opts.max_dict_bytes: 0
2022/06/25-09:56:10.522146 7f2b395d7cc0         Options.bottommost_compression_opts.zstd_max_train_bytes: 0
2022/06/25-09:56:10.522146 7f2b395d7cc0         Options.bottommost_compression_opts.parallel_threads: 1
2022/06/25-09:56:10.522147 7f2b395d7cc0                  Options.bottommost_compression_opts.enabled: false
2022/06/25-09:56:10.522148 7f2b395d7cc0            Options.compression_opts.window_bits: -14
2022/06/25-09:56:10.522149 7f2b395d7cc0                  Options.compression_opts.level: 32767
2022/06/25-09:56:10.522149 7f2b395d7cc0               Options.compression_opts.strategy: 0
2022/06/25-09:56:10.522150 7f2b395d7cc0         Options.compression_opts.max_dict_bytes: 0
2022/06/25-09:56:10.522151 7f2b395d7cc0         Options.compression_opts.zstd_max_train_bytes: 0
2022/06/25-09:56:10.522152 7f2b395d7cc0         Options.compression_opts.parallel_threads: 1
2022/06/25-09:56:10.522152 7f2b395d7cc0                  Options.compression_opts.enabled: false
2022/06/25-09:56:10.522153 7f2b395d7cc0      Options.level0_file_num_compaction_trigger: 4
2022/06/25-09:56:10.522153 7f2b395d7cc0          Options.level0_slowdown_writes_trigger: 20
2022/06/25-09:56:10.522154 7f2b395d7cc0              Options.level0_stop_writes_trigger: 36
2022/06/25-09:56:10.522154 7f2b395d7cc0                   Options.target_file_size_base: 67108864
2022/06/25-09:56:10.522155 7f2b395d7cc0             Options.target_file_size_multiplier: 1
2022/06/25-09:56:10.522156 7f2b395d7cc0                Options.max_bytes_for_level_base: 268435456
2022/06/25-09:56:10.522156 7f2b395d7cc0 Options.level_compaction_dynamic_level_bytes: 0
2022/06/25-09:56:10.522157 7f2b395d7cc0          Options.max_bytes_for_level_multiplier: 10.000000
2022/06/25-09:56:10.522159 7f2b395d7cc0 Options.max_bytes_for_level_multiplier_addtl[0]: 1
2022/06/25-09:56:10.522159 7f2b395d7cc0 Options.max_bytes_for_level_multiplier_addtl[1]: 1
2022/06/25-09:56:10.522160 7f2b395d7cc0 Options.max_bytes_for_level_multiplier_addtl[2]: 1
2022/06/25-09:56:10.522160 7f2b395d7cc0 Options.max_bytes_for_level_multiplier_addtl[3]: 1
2022/06/25-09:56:10.522161 7f2b395d7cc0 Options.max_bytes_for_level_multiplier_addtl[4]: 1
2022/06/25-09:56:10.522162 7f2b395d7cc0 Options.max_bytes_for_level_multiplier_addtl[5]: 1
2022/06/25-09:56:10.522162 7f2b395d7cc0 Options.max_bytes_for_level_multiplier_addtl[6]: 1
2022/06/25-09:56:10.522163 7f2b395d7cc0       Options.max_sequential_skip_in_iterations: 8
2022/06/25-09:56:10.522163 7f2b395d7cc0                    Options.max_compaction_bytes: 1677721600
2022/06/25-09:56:10.522164 7f2b395d7cc0                        Options.arena_block_size: 8388608
2022/06/25-09:56:10.522165 7f2b395d7cc0   Options.soft_pending_compaction_bytes_limit: 68719476736
2022/06/25-09:56:10.522165 7f2b395d7cc0   Options.hard_pending_compaction_bytes_limit: 274877906944
2022/06/25-09:56:10.522166 7f2b395d7cc0       Options.rate_limit_delay_max_milliseconds: 100
2022/06/25-09:56:10.522166 7f2b395d7cc0                Options.disable_auto_compactions: 0
2022/06/25-09:56:10.522168 7f2b395d7cc0                        Options.compaction_style: kCompactionStyleLevel
2022/06/25-09:56:10.522168 7f2b395d7cc0                          Options.compaction_pri: kMinOverlappingRatio
2022/06/25-09:56:10.522169 7f2b395d7cc0 Options.compaction_options_universal.size_ratio: 1
2022/06/25-09:56:10.522170 7f2b395d7cc0 Options.compaction_options_universal.min_merge_width: 2
2022/06/25-09:56:10.522170 7f2b395d7cc0 Options.compaction_options_universal.max_merge_width: 4294967295
2022/06/25-09:56:10.522171 7f2b395d7cc0 Options.compaction_options_universal.max_size_amplification_percent: 200
2022/06/25-09:56:10.522171 7f2b395d7cc0 Options.compaction_options_universal.compression_size_percent: -1
2022/06/25-09:56:10.522172 7f2b395d7cc0 Options.compaction_options_universal.stop_style: kCompactionStopStyleTotalSize
2022/06/25-09:56:10.522213 7f2b395d7cc0 Options.compaction_options_fifo.max_table_files_size: 1073741824
2022/06/25-09:56:10.522215 7f2b395d7cc0 Options.compaction_options_fifo.allow_compaction: 0
2022/06/25-09:56:10.522220 7f2b395d7cc0                   Options.table_properties_collectors: 
2022/06/25-09:56:10.522221 7f2b395d7cc0                   Options.inplace_update_support: 0
2022/06/25-09:56:10.522221 7f2b395d7cc0                 Options.inplace_update_num_locks: 10000
2022/06/25-09:56:10.522222 7f2b395d7cc0               Options.memtable_prefix_bloom_size_ratio: 0.000000
2022/06/25-09:56:10.522224 7f2b395d7cc0               Options.memtable_whole_key_filtering: 0
2022/06/25-09:56:10.522224 7f2b395d7cc0   Options.memtable_huge_page_size: 0
2022/06/25-09:56:10.522225 7f2b395d7cc0                           Options.bloom_locality: 0
2022/06/25-09:56:10.522226 7f2b395d7cc0                    Options.max_successive_merges: 0
2022/06/25-09:56:10.522227 7f2b395d7cc0                Options.optimize_filters_for_hits: 0
2022/06/25-09:56:10.522228 7f2b395d7cc0                Options.paranoid_file_checks: 0
2022/06/25-09:56:10.522229 7f2b395d7cc0                Options.force_consistency_checks: 1
2022/06/25-09:56:10.522229 7f2b395d7cc0                Options.report_bg_io_stats: 0
2022/06/25-09:56:10.522230 7f2b395d7cc0                               Options.ttl: 2592000
2022/06/25-09:56:10.522231 7f2b395d7cc0          Options.periodic_compaction_seconds: 0
2022/06/25-09:56:10.522232 7f2b395d7cc0                    Options.enable_blob_files: false
2022/06/25-09:56:10.522233 7f2b395d7cc0                        Options.min_blob_size: 0
2022/06/25-09:56:10.522234 7f2b395d7cc0                       Options.blob_file_size: 268435456
2022/06/25-09:56:10.522235 7f2b395d7cc0                Options.blob_compression_type: NoCompression
2022/06/25-09:56:10.522235 7f2b395d7cc0       Options.enable_blob_garbage_collection: false
2022/06/25-09:56:10.522236 7f2b395d7cc0   Options.blob_garbage_collection_age_cutoff: 0.250000
2022/06/25-09:56:10.522591 7f2b395d7cc0 [db/column_family.cc:595] --------------- Options for column family [CE]:
2022/06/25-09:56:10.522593 7f2b395d7cc0               Options.comparator: leveldb.BytewiseComparator
2022/06/25-09:56:10.522594 7f2b395d7cc0           Options.merge_operator: None
2022/06/25-09:56:10.522595 7f2b395d7cc0        Options.compaction_filter: filter_outdated
2022/06/25-09:56:10.522596 7f2b395d7cc0        Options.compaction_filter_factory: None
2022/06/25-09:56:10.522596 7f2b395d7cc0  Options.sst_partitioner_factory: None
2022/06/25-09:56:10.522597 7f2b395d7cc0         Options.memtable_factory: SkipListFactory
2022/06/25-09:56:10.522598 7f2b395d7cc0            Options.table_factory: BlockBasedTable
2022/06/25-09:56:10.522608 7f2b395d7cc0            table_factory options:   flush_block_policy_factory: FlushBlockBySizePolicyFactory (0x55c190ab7f70)
  cache_index_and_filter_blocks: 0
  cache_index_and_filter_blocks_with_high_priority: 1
  pin_l0_filter_and_index_blocks_in_cache: 0
  pin_top_level_index_and_filter: 1
  index_type: 0
  data_block_index_type: 0
  index_shortening: 1
  data_block_hash_table_util_ratio: 0.750000
  hash_index_allow_collision: 1
  checksum: 1
  no_block_cache: 0
  block_cache: 0x55c190ab35d0
  block_cache_name: LRUCache
  block_cache_options:
    capacity : 8388608
    num_shard_bits : 4
    strict_capacity_limit : 0
    memory_allocator : None
    high_pri_pool_ratio: 0.000
  block_cache_compressed: (nil)
  persistent_cache: (nil)
  block_size: 4096
  block_size_deviation: 10
  block_restart_interval: 16
  index_block_restart_interval: 1
  metadata_block_size: 4096
  partition_filters: 0
  use_delta_encoding: 1
  filter_policy: nullptr
  whole_key_filtering: 1
  verify_compression: 0
  read_amp_bytes_per_bit: 0
  format_version: 4
  enable_index_compression: 1
  block_align: 0
2022/06/25-09:56:10.522609 7f2b395d7cc0        Options.write_buffer_size: 67108864
2022/06/25-09:56:10.522610 7f2b395d7cc0  Options.max_write_buffer_number: 2
2022/06/25-09:56:10.522611 7f2b395d7cc0          Options.compression: NoCompression
2022/06/25-09:56:10.522650 7f2b395d7cc0                  Options.bottommost_compression: Disabled
2022/06/25-09:56:10.522652 7f2b395d7cc0       Options.prefix_extractor: nullptr
2022/06/25-09:56:10.522653 7f2b395d7cc0   Options.memtable_insert_with_hint_prefix_extractor: nullptr
2022/06/25-09:56:10.522654 7f2b395d7cc0             Options.num_levels: 7
2022/06/25-09:56:10.522655 7f2b395d7cc0        Options.min_write_buffer_number_to_merge: 1
2022/06/25-09:56:10.522656 7f2b395d7cc0     Options.max_write_buffer_number_to_maintain: 0
2022/06/25-09:56:10.522656 7f2b395d7cc0     Options.max_write_buffer_size_to_maintain: 0
2022/06/25-09:56:10.522657 7f2b395d7cc0            Options.bottommost_compression_opts.window_bits: -14
2022/06/25-09:56:10.522658 7f2b395d7cc0                  Options.bottommost_compression_opts.level: 32767
2022/06/25-09:56:10.522659 7f2b395d7cc0               Options.bottommost_compression_opts.strategy: 0
2022/06/25-09:56:10.522659 7f2b395d7cc0         Options.bottommost_compression_opts.max_dict_bytes: 0
2022/06/25-09:56:10.522660 7f2b395d7cc0         Options.bottommost_compression_opts.zstd_max_train_bytes: 0
2022/06/25-09:56:10.522661 7f2b395d7cc0         Options.bottommost_compression_opts.parallel_threads: 1
2022/06/25-09:56:10.522661 7f2b395d7cc0                  Options.bottommost_compression_opts.enabled: false
2022/06/25-09:56:10.522662 7f2b395d7cc0            Options.compression_opts.window_bits: -14
2022/06/25-09:56:10.522663 7f2b395d7cc0                  Options.compression_opts.level: 32767
2022/06/25-09:56:10.522664 7f2b395d7cc0               Options.compression_opts.strategy: 0
2022/06/25-09:56:10.522664 7f2b395d7cc0         Options.compression_opts.max_dict_bytes: 0
2022/06/25-09:56:10.522665 7f2b395d7cc0         Options.compression_opts.zstd_max_train_bytes: 0
2022/06/25-09:56:10.522665 7f2b395d7cc0         Options.compression_opts.parallel_threads: 1
2022/06/25-09:56:10.522666 7f2b395d7cc0                  Options.compression_opts.enabled: false
2022/06/25-09:56:10.522666 7f2b395d7cc0      Options.level0_file_num_compaction_trigger: 4
2022/06/25-09:56:10.522667 7f2b395d7cc0          Options.level0_slowdown_writes_trigger: 20
2022/06/25-09:56:10.522668 7f2b395d7cc0              Options.level0_stop_writes_trigger: 36
2022/06/25-09:56:10.522668 7f2b395d7cc0                   Options.target_file_size_base: 67108864
2022/06/25-09:56:10.522669 7f2b395d7cc0             Options.target_file_size_multiplier: 1
2022/06/25-09:56:10.522669 7f2b395d7cc0                Options.max_bytes_for_level_base: 268435456
2022/06/25-09:56:10.522670 7f2b395d7cc0 Options.level_compaction_dynamic_level_bytes: 0
2022/06/25-09:56:10.522671 7f2b395d7cc0          Options.max_bytes_for_level_multiplier: 10.000000
2022/06/25-09:56:10.522672 7f2b395d7cc0 Options.max_bytes_for_level_multiplier_addtl[0]: 1
2022/06/25-09:56:10.522673 7f2b395d7cc0 Options.max_bytes_for_level_multiplier_addtl[1]: 1
2022/06/25-09:56:10.522674 7f2b395d7cc0 Options.max_bytes_for_level_multiplier_addtl[2]: 1
2022/06/25-09:56:10.522674 7f2b395d7cc0 Options.max_bytes_for_level_multiplier_addtl[3]: 1
2022/06/25-09:56:10.522675 7f2b395d7cc0 Options.max_bytes_for_level_multiplier_addtl[4]: 1
2022/06/25-09:56:10.522675 7f2b395d7cc0 Options.max_bytes_for_level_multiplier_addtl[5]: 1
2022/06/25-09:56:10.522676 7f2b395d7cc0 Options.max_bytes_for_level_multiplier_addtl[6]: 1
2022/06/25-09:56:10.522677 7f2b395d7cc0       Options.max_sequential_skip_in_iterations: 8
2022/06/25-09:56:10.522677 7f2b395d7cc0                    Options.max_compaction_bytes: 1677721600
2022/06/25-09:56:10.522678 7f2b395d7cc0                        Options.arena_block_size: 8388608
2022/06/25-09:56:10.522678 7f2b395d7cc0   Options.soft_pending_compaction_bytes_limit: 68719476736
2022/06/25-09:56:10.522679 7f2b395d7cc0   Options.hard_pending_compaction_bytes_limit: 274877906944
2022/06/25-09:56:10.522680 7f2b395d7cc0       Options.rate_limit_delay_max_milliseconds: 100
2022/06/25-09:56:10.522680 7f2b395d7cc0                Options.disable_auto_compactions: 1
2022/06/25-09:56:10.522720 7f2b395d7cc0                        Options.compaction_style: kCompactionStyleLevel
2022/06/25-09:56:10.522722 7f2b395d7cc0                          Options.compaction_pri: kMinOverlappingRatio
2022/06/25-09:56:10.522723 7f2b395d7cc0 Options.compaction_options_universal.size_ratio: 1
2022/06/25-09:56:10.522723 7f2b395d7cc0 Options.compaction_options_universal.min_merge_width: 2
2022/06/25-09:56:10.522724 7f2b395d7cc0 Options.compaction_options_universal.max_merge_width: 4294967295
2022/06/25-09:56:10.522725 7f2b395d7cc0 Options.compaction_options_universal.max_size_amplification_percent: 200
2022/06/25-09:56:10.522725 7f2b395d7cc0 Options.compaction_options_universal.compression_size_percent: -1
2022/06/25-09:56:10.522726 7f2b395d7cc0 Options.compaction_options_universal.stop_style: kCompactionStopStyleTotalSize
2022/06/25-09:56:10.522727 7f2b395d7cc0 Options.compaction_options_fifo.max_table_files_size: 1073741824
2022/06/25-09:56:10.522728 7f2b395d7cc0 Options.compaction_options_fifo.allow_compaction: 0
2022/06/25-09:56:10.522730 7f2b395d7cc0                   Options.table_properties_collectors: 
2022/06/25-09:56:10.522730 7f2b395d7cc0                   Options.inplace_update_support: 0
2022/06/25-09:56:10.522731 7f2b395d7cc0                 Options.inplace_update_num_locks: 10000
2022/06/25-09:56:10.522732 7f2b395d7cc0               Options.memtable_prefix_bloom_size_ratio: 0.000000
2022/06/25-09:56:10.522733 7f2b395d7cc0               Options.memtable_whole_key_filtering: 0
2022/06/25-09:56:10.522733 7f2b395d7cc0   Options.memtable_huge_page_size: 0
2022/06/25-09:56:10.522734 7f2b395d7cc0                           Options.bloom_locality: 0
2022/06/25-09:56:10.522735 7f2b395d7cc0                    Options.max_successive_merges: 0
2022/06/25-09:56:10.522735 7f2b395d7cc0                Options.optimize_filters_for_hits: 0
2022/06/25-09:56:10.522736 7f2b395d7cc0                Options.paranoid_file_checks: 0
2022/06/25-09:56:10.522736 7f2b395d7cc0                Options.force_consistency_checks: 1
2022/06/25-09:56:10.522737 7f2b395d7cc0                Options.report_bg_io_stats: 0
2022/06/25-09:56:10.522737 7f2b395d7cc0                               Options.ttl: 2592000
2022/06/25-09:56:10.522738 7f2b395d7cc0          Options.periodic_compaction_seconds: 2592000
2022/06/25-09:56:10.522739 7f2b395d7cc0                    Options.enable_blob_files: false
2022/06/25-09:56:10.522739 7f2b395d7cc0                        Options.min_blob_size: 0
2022/06/25-09:56:10.522740 7f2b395d7cc0                       Options.blob_file_size: 268435456
2022/06/25-09:56:10.522740 7f2b395d7cc0                Options.blob_compression_type: NoCompression
2022/06/25-09:56:10.522741 7f2b395d7cc0       Options.enable_blob_garbage_collection: false
2022/06/25-09:56:10.522742 7f2b395d7cc0   Options.blob_garbage_collection_age_cutoff: 0.250000
2022/06/25-09:56:10.522761 7f2b395d7cc0 [db/column_family.cc:595] --------------- Options for column family [CES]:
2022/06/25-09:56:10.522762 7f2b395d7cc0               Options.comparator: leveldb.BytewiseComparator
2022/06/25-09:56:10.522762 7f2b395d7cc0           Options.merge_operator: None
2022/06/25-09:56:10.522763 7f2b395d7cc0        Options.compaction_filter: filter_outdated
2022/06/25-09:56:10.522764 7f2b395d7cc0        Options.compaction_filter_factory: None
2022/06/25-09:56:10.522764 7f2b395d7cc0  Options.sst_partitioner_factory: None
2022/06/25-09:56:10.522765 7f2b395d7cc0         Options.memtable_factory: SkipListFactory
2022/06/25-09:56:10.522765 7f2b395d7cc0            Options.table_factory: BlockBasedTable
2022/06/25-09:56:10.522774 7f2b395d7cc0            table_factory options:   flush_block_policy_factory: FlushBlockBySizePolicyFactory (0x55c1909a7610)
  cache_index_and_filter_blocks: 0
  cache_index_and_filter_blocks_with_high_priority: 1
  pin_l0_filter_and_index_blocks_in_cache: 0
  pin_top_level_index_and_filter: 1
  index_type: 0
  data_block_index_type: 0
  index_shortening: 1
  data_block_hash_table_util_ratio: 0.750000
  hash_index_allow_collision: 1
  checksum: 1
  no_block_cache: 0
  block_cache: 0x55c1908d9340
  block_cache_name: LRUCache
  block_cache_options:
    capacity : 8388608
    num_shard_bits : 4
    strict_capacity_limit : 0
    memory_allocator : None
    high_pri_pool_ratio: 0.000
  block_cache_compressed: (nil)
  persistent_cache: (nil)
  block_size: 4096
  block_size_deviation: 10
  block_restart_interval: 16
  index_block_restart_interval: 1
  metadata_block_size: 4096
  partition_filters: 0
  use_delta_encoding: 1
  filter_policy: nullptr
  whole_key_filtering: 1
  verify_compression: 0
  read_amp_bytes_per_bit: 0
  format_version: 4
  enable_index_compression: 1
  block_align: 0
2022/06/25-09:56:10.522815 7f2b395d7cc0        Options.write_buffer_size: 67108864
2022/06/25-09:56:10.522817 7f2b395d7cc0  Options.max_write_buffer_number: 2
2022/06/25-09:56:10.522817 7f2b395d7cc0          Options.compression: NoCompression
2022/06/25-09:56:10.522818 7f2b395d7cc0                  Options.bottommost_compression: Disabled
2022/06/25-09:56:10.522819 7f2b395d7cc0       Options.prefix_extractor: nullptr
2022/06/25-09:56:10.522819 7f2b395d7cc0   Options.memtable_insert_with_hint_prefix_extractor: nullptr
2022/06/25-09:56:10.522820 7f2b395d7cc0             Options.num_levels: 7
2022/06/25-09:56:10.522821 7f2b395d7cc0        Options.min_write_buffer_number_to_merge: 1
2022/06/25-09:56:10.522821 7f2b395d7cc0     Options.max_write_buffer_number_to_maintain: 0
2022/06/25-09:56:10.522822 7f2b395d7cc0     Options.max_write_buffer_size_to_maintain: 0
2022/06/25-09:56:10.522822 7f2b395d7cc0            Options.bottommost_compression_opts.window_bits: -14
2022/06/25-09:56:10.522823 7f2b395d7cc0                  Options.bottommost_compression_opts.level: 32767
2022/06/25-09:56:10.522824 7f2b395d7cc0               Options.bottommost_compression_opts.strategy: 0
2022/06/25-09:56:10.522824 7f2b395d7cc0         Options.bottommost_compression_opts.max_dict_bytes: 0
2022/06/25-09:56:10.522825 7f2b395d7cc0         Options.bottommost_compression_opts.zstd_max_train_bytes: 0
2022/06/25-09:56:10.522826 7f2b395d7cc0         Options.bottommost_compression_opts.parallel_threads: 1
2022/06/25-09:56:10.522826 7f2b395d7cc0                  Options.bottommost_compression_opts.enabled: false
2022/06/25-09:56:10.522827 7f2b395d7cc0            Options.compression_opts.window_bits: -14
2022/06/25-09:56:10.522827 7f2b395d7cc0                  Options.compression_opts.level: 32767
2022/06/25-09:56:10.522828 7f2b395d7cc0               Options.compression_opts.strategy: 0
2022/06/25-09:56:10.522828 7f2b395d7cc0         Options.compression_opts.max_dict_bytes: 0
2022/06/25-09:56:10.522829 7f2b395d7cc0         Options.compression_opts.zstd_max_train_bytes: 0
2022/06/25-09:56:10.522830 7f2b395d7cc0         Options.compression_opts.parallel_threads: 1
2022/06/25-09:56:10.522830 7f2b395d7cc0                  Options.compression_opts.enabled: false
2022/06/25-09:56:10.522831 7f2b395d7cc0      Options.level0_file_num_compaction_trigger: 4
2022/06/25-09:56:10.522831 7f2b395d7cc0          Options.level0_slowdown_writes_trigger: 20
2022/06/25-09:56:10.522832 7f2b395d7cc0              Options.level0_stop_writes_trigger: 36
2022/06/25-09:56:10.522833 7f2b395d7cc0                   Options.target_file_size_base: 67108864
2022/06/25-09:56:10.522833 7f2b395d7cc0             Options.target_file_size_multiplier: 1
2022/06/25-09:56:10.522834 7f2b395d7cc0                Options.max_bytes_for_level_base: 268435456
2022/06/25-09:56:10.522834 7f2b395d7cc0 Options.level_compaction_dynamic_level_bytes: 0
2022/06/25-09:56:10.522835 7f2b395d7cc0          Options.max_bytes_for_level_multiplier: 10.000000
2022/06/25-09:56:10.522836 7f2b395d7cc0 Options.max_bytes_for_level_multiplier_addtl[0]: 1
2022/06/25-09:56:10.522837 7f2b395d7cc0 Options.max_bytes_for_level_multiplier_addtl[1]: 1
2022/06/25-09:56:10.522838 7f2b395d7cc0 Options.max_bytes_for_level_multiplier_addtl[2]: 1
2022/06/25-09:56:10.522838 7f2b395d7cc0 Options.max_bytes_for_level_multiplier_addtl[3]: 1
2022/06/25-09:56:10.522839 7f2b395d7cc0 Options.max_bytes_for_level_multiplier_addtl[4]: 1
2022/06/25-09:56:10.522877 7f2b395d7cc0 Options.max_bytes_for_level_multiplier_addtl[5]: 1
2022/06/25-09:56:10.522880 7f2b395d7cc0 Options.max_bytes_for_level_multiplier_addtl[6]: 1
2022/06/25-09:56:10.522880 7f2b395d7cc0       Options.max_sequential_skip_in_iterations: 8
2022/06/25-09:56:10.522881 7f2b395d7cc0                    Options.max_compaction_bytes: 1677721600
2022/06/25-09:56:10.522882 7f2b395d7cc0                        Options.arena_block_size: 8388608
2022/06/25-09:56:10.522882 7f2b395d7cc0   Options.soft_pending_compaction_bytes_limit: 68719476736
2022/06/25-09:56:10.522883 7f2b395d7cc0   Options.hard_pending_compaction_bytes_limit: 274877906944
2022/06/25-09:56:10.522884 7f2b395d7cc0       Options.rate_limit_delay_max_milliseconds: 100
2022/06/25-09:56:10.522884 7f2b395d7cc0                Options.disable_auto_compactions: 1
2022/06/25-09:56:10.522885 7f2b395d7cc0                        Options.compaction_style: kCompactionStyleLevel
2022/06/25-09:56:10.522886 7f2b395d7cc0                          Options.compaction_pri: kMinOverlappingRatio
2022/06/25-09:56:10.522886 7f2b395d7cc0 Options.compaction_options_universal.size_ratio: 1
2022/06/25-09:56:10.522887 7f2b395d7cc0 Options.compaction_options_universal.min_merge_width: 2
2022/06/25-09:56:10.522888 7f2b395d7cc0 Options.compaction_options_universal.max_merge_width: 4294967295
2022/06/25-09:56:10.522888 7f2b395d7cc0 Options.compaction_options_universal.max_size_amplification_percent: 200
2022/06/25-09:56:10.522889 7f2b395d7cc0 Options.compaction_options_universal.compression_size_percent: -1
2022/06/25-09:56:10.522889 7f2b395d7cc0 Options.compaction_options_universal.stop_style: kCompactionStopStyleTotalSize
2022/06/25-09:56:10.522890 7f2b395d7cc0 Options.compaction_options_fifo.max_table_files_size: 1073741824
2022/06/25-09:56:10.522891 7f2b395d7cc0 Options.compaction_options_fifo.allow_compaction: 0
2022/06/25-09:56:10.522892 7f2b395d7cc0                   Options.table_properties_collectors: 
2022/06/25-09:56:10.522893 7f2b395d7cc0                   Options.inplace_update_support: 0
2022/06/25-09:56:10.522894 7f2b395d7cc0                 Options.inplace_update_num_locks: 10000
2022/06/25-09:56:10.522894 7f2b395d7cc0               Options.memtable_prefix_bloom_size_ratio: 0.000000
2022/06/25-09:56:10.522896 7f2b395d7cc0               Options.memtable_whole_key_filtering: 0
2022/06/25-09:56:10.522896 7f2b395d7cc0   Options.memtable_huge_page_size: 0
2022/06/25-09:56:10.522897 7f2b395d7cc0                           Options.bloom_locality: 0
2022/06/25-09:56:10.522897 7f2b395d7cc0                    Options.max_successive_merges: 0
2022/06/25-09:56:10.522898 7f2b395d7cc0                Options.optimize_filters_for_hits: 0
2022/06/25-09:56:10.522898 7f2b395d7cc0                Options.paranoid_file_checks: 0
2022/06/25-09:56:10.522899 7f2b395d7cc0                Options.force_consistency_checks: 1
2022/06/25-09:56:10.522900 7f2b395d7cc0                Options.report_bg_io_stats: 0
2022/06/25-09:56:10.522900 7f2b395d7cc0                               Options.ttl: 2592000
2022/06/25-09:56:10.522901 7f2b395d7cc0          Options.periodic_compaction_seconds: 2592000
2022/06/25-09:56:10.522901 7f2b395d7cc0                    Options.enable_blob_files: false
2022/06/25-09:56:10.522902 7f2b395d7cc0                        Options.min_blob_size: 0
2022/06/25-09:56:10.522902 7f2b395d7cc0                       Options.blob_file_size: 268435456
2022/06/25-09:56:10.522903 7f2b395d7cc0                Options.blob_compression_type: NoCompression
2022/06/25-09:56:10.522904 7f2b395d7cc0       Options.enable_blob_garbage_collection: false
2022/06/25-09:56:10.522904 7f2b395d7cc0   Options.blob_garbage_collection_age_cutoff: 0.250000
2022/06/25-09:56:10.525355 7f2b395d7cc0 [db/version_set.cc:4798] Recovered from manifest file:/home/moon/OpenProject/my-app/template-react-ts/.dfx/state/replicated_state/node-100/ic_consensus_pool/certification/MANIFEST-000043 succeeded,manifest_file_number is 43, next_file_number is 73, last_sequence is 72004, log_number is 69,prev_log_number is 0,max_column_family is 2,min_log_number_to_keep is 0
2022/06/25-09:56:10.525402 7f2b395d7cc0 [db/version_set.cc:4813] Column family [default] (ID 0), log number is 37
2022/06/25-09:56:10.525405 7f2b395d7cc0 [db/version_set.cc:4813] Column family [CE] (ID 1), log number is 66
2022/06/25-09:56:10.525406 7f2b395d7cc0 [db/version_set.cc:4813] Column family [CES] (ID 2), log number is 69
2022/06/25-09:56:10.525450 7f2b395d7cc0 [db/version_set.cc:4112] Creating manifest 73
2022/06/25-09:56:10.539276 7f2b395d7cc0 EVENT_LOG_v1 {"time_micros": 1656147370539272, "job": 1, "event": "recovery_started", "wal_files": [66, 69]}
2022/06/25-09:56:10.539281 7f2b395d7cc0 [db/db_impl/db_impl_open.cc:847] Recovering log #66 mode 2
2022/06/25-09:56:10.539617 7f2b395d7cc0 [db/db_impl/db_impl_open.cc:847] Recovering log #69 mode 2
2022/06/25-09:56:10.624344 7f2b395d7cc0 EVENT_LOG_v1 {"time_micros": 1656147370624326, "cf_name": "CE", "job": 1, "event": "table_file_creation", "file_number": 74, "file_size": 427299, "file_checksum": "", "file_checksum_func_name": "Unknown", "table_properties": {"data_size": 424422, "index_size": 2030, "index_partitions": 0, "top_level_index_size": 0, "index_key_is_user_key": 1, "index_value_is_delta_encoded": 1, "filter_size": 0, "raw_key_size": 100080, "raw_average_key_size": 48, "raw_value_size": 327345, "raw_average_value_size": 157, "num_data_blocks": 105, "num_entries": 2085, "num_deletions": 0, "num_merge_operands": 0, "num_range_deletions": 0, "format_version": 0, "fixed_key_len": 0, "filter_policy": "", "column_family_name": "CE", "column_family_id": 1, "comparator": "leveldb.BytewiseComparator", "merge_operator": "nullptr", "prefix_extractor_name": "nullptr", "property_collectors": "[]", "compression": "NoCompression", "compression_options": "window_bits=-14; level=32767; strategy=0; max_dict_bytes=0; zstd_max_train_bytes=0; enabled=0; ", "creation_time": 1656147370, "oldest_key_time": 0, "file_creation_time": 0, "db_id": "b8f2aeda-abfe-4514-8274-6dfa6dd32af3", "db_session_id": "8MYNEMQ7OOOWPG27ENXC"}}
