2022/06/19-17:03:53.884292 7fc729703cc0 RocksDB version: 6.17.0
2022/06/19-17:03:53.884329 7fc729703cc0 Git sha 0
2022/06/19-17:03:53.884353 7fc729703cc0 DB SUMMARY
2022/06/19-17:03:53.884353 7fc729703cc0 DB Session ID:  FVXW4ZKG63JM5JBQRWIV
2022/06/19-17:03:53.884368 7fc729703cc0 CURRENT file:  CURRENT
2022/06/19-17:03:53.884369 7fc729703cc0 IDENTITY file:  IDENTITY
2022/06/19-17:03:53.884371 7fc729703cc0 MANIFEST file:  MANIFEST-000021 size: 2382 Bytes
2022/06/19-17:03:53.884373 7fc729703cc0 SST files in /home/moon/OpenProject/my-app/template-react-ts/.dfx/state/replicated_state/node-100/ic_consensus_pool/certification dir, Total Num: 2, files: 000035.sst 000038.sst 
2022/06/19-17:03:53.884374 7fc729703cc0 Write Ahead Log file in /home/moon/OpenProject/my-app/template-react-ts/.dfx/state/replicated_state/node-100/ic_consensus_pool/certification: 000033.log size: 221 ; 000036.log size: 1746117 ; 
2022/06/19-17:03:53.884375 7fc729703cc0                         Options.error_if_exists: 0
2022/06/19-17:03:53.884376 7fc729703cc0                       Options.create_if_missing: 1
2022/06/19-17:03:53.884376 7fc729703cc0                         Options.paranoid_checks: 1
2022/06/19-17:03:53.884377 7fc729703cc0                               Options.track_and_verify_wals_in_manifest: 0
2022/06/19-17:03:53.884378 7fc729703cc0                                     Options.env: 0x55e59d349380
2022/06/19-17:03:53.884379 7fc729703cc0                                      Options.fs: Posix File System
2022/06/19-17:03:53.884379 7fc729703cc0                                Options.info_log: 0x55e5d73dd7c0
2022/06/19-17:03:53.884380 7fc729703cc0                Options.max_file_opening_threads: 16
2022/06/19-17:03:53.884381 7fc729703cc0                              Options.statistics: (nil)
2022/06/19-17:03:53.884382 7fc729703cc0                               Options.use_fsync: 1
2022/06/19-17:03:53.884382 7fc729703cc0                       Options.max_log_file_size: 0
2022/06/19-17:03:53.884383 7fc729703cc0                  Options.max_manifest_file_size: 1073741824
2022/06/19-17:03:53.884384 7fc729703cc0                   Options.log_file_time_to_roll: 0
2022/06/19-17:03:53.884384 7fc729703cc0                       Options.keep_log_file_num: 1000
2022/06/19-17:03:53.884385 7fc729703cc0                    Options.recycle_log_file_num: 0
2022/06/19-17:03:53.884386 7fc729703cc0                         Options.allow_fallocate: 1
2022/06/19-17:03:53.884386 7fc729703cc0                        Options.allow_mmap_reads: 0
2022/06/19-17:03:53.884387 7fc729703cc0                       Options.allow_mmap_writes: 0
2022/06/19-17:03:53.884388 7fc729703cc0                        Options.use_direct_reads: 0
2022/06/19-17:03:53.884388 7fc729703cc0                        Options.use_direct_io_for_flush_and_compaction: 0
2022/06/19-17:03:53.884389 7fc729703cc0          Options.create_missing_column_families: 1
2022/06/19-17:03:53.884390 7fc729703cc0                              Options.db_log_dir: 
2022/06/19-17:03:53.884390 7fc729703cc0                                 Options.wal_dir: /home/moon/OpenProject/my-app/template-react-ts/.dfx/state/replicated_state/node-100/ic_consensus_pool/certification
2022/06/19-17:03:53.884391 7fc729703cc0                Options.table_cache_numshardbits: 6
2022/06/19-17:03:53.884392 7fc729703cc0                         Options.WAL_ttl_seconds: 0
2022/06/19-17:03:53.884392 7fc729703cc0                       Options.WAL_size_limit_MB: 0
2022/06/19-17:03:53.884393 7fc729703cc0                        Options.max_write_batch_group_size_bytes: 1048576
2022/06/19-17:03:53.884394 7fc729703cc0             Options.manifest_preallocation_size: 4194304
2022/06/19-17:03:53.884394 7fc729703cc0                     Options.is_fd_close_on_exec: 1
2022/06/19-17:03:53.884395 7fc729703cc0                   Options.advise_random_on_open: 1
2022/06/19-17:03:53.884396 7fc729703cc0                    Options.db_write_buffer_size: 0
2022/06/19-17:03:53.884396 7fc729703cc0                    Options.write_buffer_manager: 0x55e5d73092b0
2022/06/19-17:03:53.884397 7fc729703cc0         Options.access_hint_on_compaction_start: 1
2022/06/19-17:03:53.884402 7fc729703cc0  Options.new_table_reader_for_compaction_inputs: 0
2022/06/19-17:03:53.884402 7fc729703cc0           Options.random_access_max_buffer_size: 1048576
2022/06/19-17:03:53.884403 7fc729703cc0                      Options.use_adaptive_mutex: 0
2022/06/19-17:03:53.884404 7fc729703cc0                            Options.rate_limiter: (nil)
2022/06/19-17:03:53.884404 7fc729703cc0     Options.sst_file_manager.rate_bytes_per_sec: 0
2022/06/19-17:03:53.884405 7fc729703cc0                       Options.wal_recovery_mode: 2
2022/06/19-17:03:53.884406 7fc729703cc0                  Options.enable_thread_tracking: 0
2022/06/19-17:03:53.884406 7fc729703cc0                  Options.enable_pipelined_write: 0
2022/06/19-17:03:53.884407 7fc729703cc0                  Options.unordered_write: 0
2022/06/19-17:03:53.884407 7fc729703cc0         Options.allow_concurrent_memtable_write: 1
2022/06/19-17:03:53.884408 7fc729703cc0      Options.enable_write_thread_adaptive_yield: 1
2022/06/19-17:03:53.884409 7fc729703cc0             Options.write_thread_max_yield_usec: 100
2022/06/19-17:03:53.884409 7fc729703cc0            Options.write_thread_slow_yield_usec: 3
2022/06/19-17:03:53.884410 7fc729703cc0                               Options.row_cache: None
2022/06/19-17:03:53.884410 7fc729703cc0                              Options.wal_filter: None
2022/06/19-17:03:53.884411 7fc729703cc0             Options.avoid_flush_during_recovery: 0
2022/06/19-17:03:53.884412 7fc729703cc0             Options.allow_ingest_behind: 0
2022/06/19-17:03:53.884412 7fc729703cc0             Options.preserve_deletes: 0
2022/06/19-17:03:53.884413 7fc729703cc0             Options.two_write_queues: 0
2022/06/19-17:03:53.884414 7fc729703cc0             Options.manual_wal_flush: 0
2022/06/19-17:03:53.884414 7fc729703cc0             Options.atomic_flush: 0
2022/06/19-17:03:53.884415 7fc729703cc0             Options.avoid_unnecessary_blocking_io: 0
2022/06/19-17:03:53.884415 7fc729703cc0                 Options.persist_stats_to_disk: 0
2022/06/19-17:03:53.884416 7fc729703cc0                 Options.write_dbid_to_manifest: 0
2022/06/19-17:03:53.884416 7fc729703cc0                 Options.log_readahead_size: 0
2022/06/19-17:03:53.884417 7fc729703cc0                 Options.file_checksum_gen_factory: Unknown
2022/06/19-17:03:53.884418 7fc729703cc0                 Options.best_efforts_recovery: 0
2022/06/19-17:03:53.884418 7fc729703cc0                Options.max_bgerror_resume_count: 2147483647
2022/06/19-17:03:53.884419 7fc729703cc0            Options.bgerror_resume_retry_interval: 1000000
2022/06/19-17:03:53.884420 7fc729703cc0             Options.allow_data_in_errors: 0
2022/06/19-17:03:53.884420 7fc729703cc0             Options.db_host_id: __hostname__
2022/06/19-17:03:53.884421 7fc729703cc0             Options.max_background_jobs: 2
2022/06/19-17:03:53.884421 7fc729703cc0             Options.max_background_compactions: -1
2022/06/19-17:03:53.884422 7fc729703cc0             Options.max_subcompactions: 1
2022/06/19-17:03:53.884423 7fc729703cc0             Options.avoid_flush_during_shutdown: 0
2022/06/19-17:03:53.884423 7fc729703cc0           Options.writable_file_max_buffer_size: 1048576
2022/06/19-17:03:53.884424 7fc729703cc0             Options.delayed_write_rate : 16777216
2022/06/19-17:03:53.884424 7fc729703cc0             Options.max_total_wal_size: 0
2022/06/19-17:03:53.884425 7fc729703cc0             Options.delete_obsolete_files_period_micros: 21600000000
2022/06/19-17:03:53.884426 7fc729703cc0                   Options.stats_dump_period_sec: 600
2022/06/19-17:03:53.884426 7fc729703cc0                 Options.stats_persist_period_sec: 600
2022/06/19-17:03:53.884427 7fc729703cc0                 Options.stats_history_buffer_size: 1048576
2022/06/19-17:03:53.884428 7fc729703cc0                          Options.max_open_files: -1
2022/06/19-17:03:53.884428 7fc729703cc0                          Options.bytes_per_sync: 0
2022/06/19-17:03:53.884429 7fc729703cc0                      Options.wal_bytes_per_sync: 0
2022/06/19-17:03:53.884429 7fc729703cc0                   Options.strict_bytes_per_sync: 0
2022/06/19-17:03:53.884433 7fc729703cc0       Options.compaction_readahead_size: 0
2022/06/19-17:03:53.884434 7fc729703cc0                  Options.max_background_flushes: -1
2022/06/19-17:03:53.884434 7fc729703cc0 Compression algorithms supported:
2022/06/19-17:03:53.884435 7fc729703cc0 	kZSTDNotFinalCompression supported: 1
2022/06/19-17:03:53.884436 7fc729703cc0 	kZSTD supported: 1
2022/06/19-17:03:53.884437 7fc729703cc0 	kXpressCompression supported: 0
2022/06/19-17:03:53.884437 7fc729703cc0 	kLZ4HCCompression supported: 1
2022/06/19-17:03:53.884438 7fc729703cc0 	kLZ4Compression supported: 1
2022/06/19-17:03:53.884439 7fc729703cc0 	kBZip2Compression supported: 1
2022/06/19-17:03:53.884439 7fc729703cc0 	kZlibCompression supported: 1
2022/06/19-17:03:53.884440 7fc729703cc0 	kSnappyCompression supported: 1
2022/06/19-17:03:53.884444 7fc729703cc0 Fast CRC32 supported: Supported on x86
2022/06/19-17:03:53.884466 7fc729703cc0 [db/version_set.cc:4758] Recovering from manifest file: /home/moon/OpenProject/my-app/template-react-ts/.dfx/state/replicated_state/node-100/ic_consensus_pool/certification/MANIFEST-000021
2022/06/19-17:03:53.884518 7fc729703cc0 [db/column_family.cc:595] --------------- Options for column family [default]:
2022/06/19-17:03:53.884519 7fc729703cc0               Options.comparator: leveldb.BytewiseComparator
2022/06/19-17:03:53.884520 7fc729703cc0           Options.merge_operator: None
2022/06/19-17:03:53.884520 7fc729703cc0        Options.compaction_filter: None
2022/06/19-17:03:53.884521 7fc729703cc0        Options.compaction_filter_factory: None
2022/06/19-17:03:53.884521 7fc729703cc0  Options.sst_partitioner_factory: None
2022/06/19-17:03:53.884522 7fc729703cc0         Options.memtable_factory: SkipListFactory
2022/06/19-17:03:53.884523 7fc729703cc0            Options.table_factory: BlockBasedTable
2022/06/19-17:03:53.884534 7fc729703cc0            table_factory options:   flush_block_policy_factory: FlushBlockBySizePolicyFactory (0x55e5d72bf9f0)
  cache_index_and_filter_blocks: 0
  cache_index_and_filter_blocks_with_high_priority: 1
  pin_l0_filter_and_index_blocks_in_cache: 0
  pin_top_level_index_and_filter: 1
  index_type: 0
  data_block_index_type: 0
  index_shortening: 1
  data_block_hash_table_util_ratio: 0.750000
  hash_index_allow_collision: 1
  checksum: 1
  no_block_cache: 0
  block_cache: 0x55e5d73aebf0
  block_cache_name: LRUCache
  block_cache_options:
    capacity : 8388608
    num_shard_bits : 4
    strict_capacity_limit : 0
    memory_allocator : None
    high_pri_pool_ratio: 0.000
  block_cache_compressed: (nil)
  persistent_cache: (nil)
  block_size: 4096
  block_size_deviation: 10
  block_restart_interval: 16
  index_block_restart_interval: 1
  metadata_block_size: 4096
  partition_filters: 0
  use_delta_encoding: 1
  filter_policy: nullptr
  whole_key_filtering: 1
  verify_compression: 0
  read_amp_bytes_per_bit: 0
  format_version: 4
  enable_index_compression: 1
  block_align: 0
2022/06/19-17:03:53.884535 7fc729703cc0        Options.write_buffer_size: 67108864
2022/06/19-17:03:53.884536 7fc729703cc0  Options.max_write_buffer_number: 2
2022/06/19-17:03:53.884536 7fc729703cc0          Options.compression: Snappy
2022/06/19-17:03:53.884537 7fc729703cc0                  Options.bottommost_compression: Disabled
2022/06/19-17:03:53.884538 7fc729703cc0       Options.prefix_extractor: nullptr
2022/06/19-17:03:53.884538 7fc729703cc0   Options.memtable_insert_with_hint_prefix_extractor: nullptr
2022/06/19-17:03:53.884539 7fc729703cc0             Options.num_levels: 7
2022/06/19-17:03:53.884540 7fc729703cc0        Options.min_write_buffer_number_to_merge: 1
2022/06/19-17:03:53.884540 7fc729703cc0     Options.max_write_buffer_number_to_maintain: 0
2022/06/19-17:03:53.884541 7fc729703cc0     Options.max_write_buffer_size_to_maintain: 0
2022/06/19-17:03:53.884542 7fc729703cc0            Options.bottommost_compression_opts.window_bits: -14
2022/06/19-17:03:53.884542 7fc729703cc0                  Options.bottommost_compression_opts.level: 32767
2022/06/19-17:03:53.884547 7fc729703cc0               Options.bottommost_compression_opts.strategy: 0
2022/06/19-17:03:53.884548 7fc729703cc0         Options.bottommost_compression_opts.max_dict_bytes: 0
2022/06/19-17:03:53.884549 7fc729703cc0         Options.bottommost_compression_opts.zstd_max_train_bytes: 0
2022/06/19-17:03:53.884549 7fc729703cc0         Options.bottommost_compression_opts.parallel_threads: 1
2022/06/19-17:03:53.884550 7fc729703cc0                  Options.bottommost_compression_opts.enabled: false
2022/06/19-17:03:53.884551 7fc729703cc0            Options.compression_opts.window_bits: -14
2022/06/19-17:03:53.884551 7fc729703cc0                  Options.compression_opts.level: 32767
2022/06/19-17:03:53.884552 7fc729703cc0               Options.compression_opts.strategy: 0
2022/06/19-17:03:53.884552 7fc729703cc0         Options.compression_opts.max_dict_bytes: 0
2022/06/19-17:03:53.884553 7fc729703cc0         Options.compression_opts.zstd_max_train_bytes: 0
2022/06/19-17:03:53.884554 7fc729703cc0         Options.compression_opts.parallel_threads: 1
2022/06/19-17:03:53.884554 7fc729703cc0                  Options.compression_opts.enabled: false
2022/06/19-17:03:53.884555 7fc729703cc0      Options.level0_file_num_compaction_trigger: 4
2022/06/19-17:03:53.884556 7fc729703cc0          Options.level0_slowdown_writes_trigger: 20
2022/06/19-17:03:53.884556 7fc729703cc0              Options.level0_stop_writes_trigger: 36
2022/06/19-17:03:53.884557 7fc729703cc0                   Options.target_file_size_base: 67108864
2022/06/19-17:03:53.884557 7fc729703cc0             Options.target_file_size_multiplier: 1
2022/06/19-17:03:53.884558 7fc729703cc0                Options.max_bytes_for_level_base: 268435456
2022/06/19-17:03:53.884559 7fc729703cc0 Options.level_compaction_dynamic_level_bytes: 0
2022/06/19-17:03:53.884559 7fc729703cc0          Options.max_bytes_for_level_multiplier: 10.000000
2022/06/19-17:03:53.884561 7fc729703cc0 Options.max_bytes_for_level_multiplier_addtl[0]: 1
2022/06/19-17:03:53.884561 7fc729703cc0 Options.max_bytes_for_level_multiplier_addtl[1]: 1
2022/06/19-17:03:53.884562 7fc729703cc0 Options.max_bytes_for_level_multiplier_addtl[2]: 1
2022/06/19-17:03:53.884562 7fc729703cc0 Options.max_bytes_for_level_multiplier_addtl[3]: 1
2022/06/19-17:03:53.884563 7fc729703cc0 Options.max_bytes_for_level_multiplier_addtl[4]: 1
2022/06/19-17:03:53.884564 7fc729703cc0 Options.max_bytes_for_level_multiplier_addtl[5]: 1
2022/06/19-17:03:53.884564 7fc729703cc0 Options.max_bytes_for_level_multiplier_addtl[6]: 1
2022/06/19-17:03:53.884565 7fc729703cc0       Options.max_sequential_skip_in_iterations: 8
2022/06/19-17:03:53.884565 7fc729703cc0                    Options.max_compaction_bytes: 1677721600
2022/06/19-17:03:53.884566 7fc729703cc0                        Options.arena_block_size: 8388608
2022/06/19-17:03:53.884567 7fc729703cc0   Options.soft_pending_compaction_bytes_limit: 68719476736
2022/06/19-17:03:53.884567 7fc729703cc0   Options.hard_pending_compaction_bytes_limit: 274877906944
2022/06/19-17:03:53.884568 7fc729703cc0       Options.rate_limit_delay_max_milliseconds: 100
2022/06/19-17:03:53.884569 7fc729703cc0                Options.disable_auto_compactions: 0
2022/06/19-17:03:53.884569 7fc729703cc0                        Options.compaction_style: kCompactionStyleLevel
2022/06/19-17:03:53.884570 7fc729703cc0                          Options.compaction_pri: kMinOverlappingRatio
2022/06/19-17:03:53.884571 7fc729703cc0 Options.compaction_options_universal.size_ratio: 1
2022/06/19-17:03:53.884571 7fc729703cc0 Options.compaction_options_universal.min_merge_width: 2
2022/06/19-17:03:53.884572 7fc729703cc0 Options.compaction_options_universal.max_merge_width: 4294967295
2022/06/19-17:03:53.884573 7fc729703cc0 Options.compaction_options_universal.max_size_amplification_percent: 200
2022/06/19-17:03:53.884573 7fc729703cc0 Options.compaction_options_universal.compression_size_percent: -1
2022/06/19-17:03:53.884574 7fc729703cc0 Options.compaction_options_universal.stop_style: kCompactionStopStyleTotalSize
2022/06/19-17:03:53.884577 7fc729703cc0 Options.compaction_options_fifo.max_table_files_size: 1073741824
2022/06/19-17:03:53.884578 7fc729703cc0 Options.compaction_options_fifo.allow_compaction: 0
2022/06/19-17:03:53.884580 7fc729703cc0                   Options.table_properties_collectors: 
2022/06/19-17:03:53.884581 7fc729703cc0                   Options.inplace_update_support: 0
2022/06/19-17:03:53.884581 7fc729703cc0                 Options.inplace_update_num_locks: 10000
2022/06/19-17:03:53.884582 7fc729703cc0               Options.memtable_prefix_bloom_size_ratio: 0.000000
2022/06/19-17:03:53.884583 7fc729703cc0               Options.memtable_whole_key_filtering: 0
2022/06/19-17:03:53.884583 7fc729703cc0   Options.memtable_huge_page_size: 0
2022/06/19-17:03:53.884584 7fc729703cc0                           Options.bloom_locality: 0
2022/06/19-17:03:53.884584 7fc729703cc0                    Options.max_successive_merges: 0
2022/06/19-17:03:53.884585 7fc729703cc0                Options.optimize_filters_for_hits: 0
2022/06/19-17:03:53.884586 7fc729703cc0                Options.paranoid_file_checks: 0
2022/06/19-17:03:53.884586 7fc729703cc0                Options.force_consistency_checks: 1
2022/06/19-17:03:53.884587 7fc729703cc0                Options.report_bg_io_stats: 0
2022/06/19-17:03:53.884587 7fc729703cc0                               Options.ttl: 2592000
2022/06/19-17:03:53.884588 7fc729703cc0          Options.periodic_compaction_seconds: 0
2022/06/19-17:03:53.884589 7fc729703cc0                    Options.enable_blob_files: false
2022/06/19-17:03:53.884589 7fc729703cc0                        Options.min_blob_size: 0
2022/06/19-17:03:53.884590 7fc729703cc0                       Options.blob_file_size: 268435456
2022/06/19-17:03:53.884591 7fc729703cc0                Options.blob_compression_type: NoCompression
2022/06/19-17:03:53.884591 7fc729703cc0       Options.enable_blob_garbage_collection: false
2022/06/19-17:03:53.884592 7fc729703cc0   Options.blob_garbage_collection_age_cutoff: 0.250000
2022/06/19-17:03:53.884613 7fc729703cc0 [db/column_family.cc:595] --------------- Options for column family [CE]:
2022/06/19-17:03:53.884614 7fc729703cc0               Options.comparator: leveldb.BytewiseComparator
2022/06/19-17:03:53.884614 7fc729703cc0           Options.merge_operator: None
2022/06/19-17:03:53.884615 7fc729703cc0        Options.compaction_filter: filter_outdated
2022/06/19-17:03:53.884616 7fc729703cc0        Options.compaction_filter_factory: None
2022/06/19-17:03:53.884616 7fc729703cc0  Options.sst_partitioner_factory: None
2022/06/19-17:03:53.884617 7fc729703cc0         Options.memtable_factory: SkipListFactory
2022/06/19-17:03:53.884617 7fc729703cc0            Options.table_factory: BlockBasedTable
2022/06/19-17:03:53.884626 7fc729703cc0            table_factory options:   flush_block_policy_factory: FlushBlockBySizePolicyFactory (0x55e5d74b9960)
  cache_index_and_filter_blocks: 0
  cache_index_and_filter_blocks_with_high_priority: 1
  pin_l0_filter_and_index_blocks_in_cache: 0
  pin_top_level_index_and_filter: 1
  index_type: 0
  data_block_index_type: 0
  index_shortening: 1
  data_block_hash_table_util_ratio: 0.750000
  hash_index_allow_collision: 1
  checksum: 1
  no_block_cache: 0
  block_cache: 0x55e5d7359d60
  block_cache_name: LRUCache
  block_cache_options:
    capacity : 8388608
    num_shard_bits : 4
    strict_capacity_limit : 0
    memory_allocator : None
    high_pri_pool_ratio: 0.000
  block_cache_compressed: (nil)
  persistent_cache: (nil)
  block_size: 4096
  block_size_deviation: 10
  block_restart_interval: 16
  index_block_restart_interval: 1
  metadata_block_size: 4096
  partition_filters: 0
  use_delta_encoding: 1
  filter_policy: nullptr
  whole_key_filtering: 1
  verify_compression: 0
  read_amp_bytes_per_bit: 0
  format_version: 4
  enable_index_compression: 1
  block_align: 0
2022/06/19-17:03:53.884627 7fc729703cc0        Options.write_buffer_size: 67108864
2022/06/19-17:03:53.884627 7fc729703cc0  Options.max_write_buffer_number: 2
2022/06/19-17:03:53.884628 7fc729703cc0          Options.compression: NoCompression
2022/06/19-17:03:53.884632 7fc729703cc0                  Options.bottommost_compression: Disabled
2022/06/19-17:03:53.884632 7fc729703cc0       Options.prefix_extractor: nullptr
2022/06/19-17:03:53.884633 7fc729703cc0   Options.memtable_insert_with_hint_prefix_extractor: nullptr
2022/06/19-17:03:53.884634 7fc729703cc0             Options.num_levels: 7
2022/06/19-17:03:53.884634 7fc729703cc0        Options.min_write_buffer_number_to_merge: 1
2022/06/19-17:03:53.884635 7fc729703cc0     Options.max_write_buffer_number_to_maintain: 0
2022/06/19-17:03:53.884635 7fc729703cc0     Options.max_write_buffer_size_to_maintain: 0
2022/06/19-17:03:53.884636 7fc729703cc0            Options.bottommost_compression_opts.window_bits: -14
2022/06/19-17:03:53.884636 7fc729703cc0                  Options.bottommost_compression_opts.level: 32767
2022/06/19-17:03:53.884637 7fc729703cc0               Options.bottommost_compression_opts.strategy: 0
2022/06/19-17:03:53.884638 7fc729703cc0         Options.bottommost_compression_opts.max_dict_bytes: 0
2022/06/19-17:03:53.884638 7fc729703cc0         Options.bottommost_compression_opts.zstd_max_train_bytes: 0
2022/06/19-17:03:53.884639 7fc729703cc0         Options.bottommost_compression_opts.parallel_threads: 1
2022/06/19-17:03:53.884639 7fc729703cc0                  Options.bottommost_compression_opts.enabled: false
2022/06/19-17:03:53.884640 7fc729703cc0            Options.compression_opts.window_bits: -14
2022/06/19-17:03:53.884641 7fc729703cc0                  Options.compression_opts.level: 32767
2022/06/19-17:03:53.884641 7fc729703cc0               Options.compression_opts.strategy: 0
2022/06/19-17:03:53.884642 7fc729703cc0         Options.compression_opts.max_dict_bytes: 0
2022/06/19-17:03:53.884642 7fc729703cc0         Options.compression_opts.zstd_max_train_bytes: 0
2022/06/19-17:03:53.884643 7fc729703cc0         Options.compression_opts.parallel_threads: 1
2022/06/19-17:03:53.884644 7fc729703cc0                  Options.compression_opts.enabled: false
2022/06/19-17:03:53.884644 7fc729703cc0      Options.level0_file_num_compaction_trigger: 4
2022/06/19-17:03:53.884645 7fc729703cc0          Options.level0_slowdown_writes_trigger: 20
2022/06/19-17:03:53.884645 7fc729703cc0              Options.level0_stop_writes_trigger: 36
2022/06/19-17:03:53.884646 7fc729703cc0                   Options.target_file_size_base: 67108864
2022/06/19-17:03:53.884647 7fc729703cc0             Options.target_file_size_multiplier: 1
2022/06/19-17:03:53.884647 7fc729703cc0                Options.max_bytes_for_level_base: 268435456
2022/06/19-17:03:53.884648 7fc729703cc0 Options.level_compaction_dynamic_level_bytes: 0
2022/06/19-17:03:53.884648 7fc729703cc0          Options.max_bytes_for_level_multiplier: 10.000000
2022/06/19-17:03:53.884649 7fc729703cc0 Options.max_bytes_for_level_multiplier_addtl[0]: 1
2022/06/19-17:03:53.884650 7fc729703cc0 Options.max_bytes_for_level_multiplier_addtl[1]: 1
2022/06/19-17:03:53.884651 7fc729703cc0 Options.max_bytes_for_level_multiplier_addtl[2]: 1
2022/06/19-17:03:53.884651 7fc729703cc0 Options.max_bytes_for_level_multiplier_addtl[3]: 1
2022/06/19-17:03:53.884652 7fc729703cc0 Options.max_bytes_for_level_multiplier_addtl[4]: 1
2022/06/19-17:03:53.884652 7fc729703cc0 Options.max_bytes_for_level_multiplier_addtl[5]: 1
2022/06/19-17:03:53.884653 7fc729703cc0 Options.max_bytes_for_level_multiplier_addtl[6]: 1
2022/06/19-17:03:53.884654 7fc729703cc0       Options.max_sequential_skip_in_iterations: 8
2022/06/19-17:03:53.884654 7fc729703cc0                    Options.max_compaction_bytes: 1677721600
2022/06/19-17:03:53.884655 7fc729703cc0                        Options.arena_block_size: 8388608
2022/06/19-17:03:53.884655 7fc729703cc0   Options.soft_pending_compaction_bytes_limit: 68719476736
2022/06/19-17:03:53.884656 7fc729703cc0   Options.hard_pending_compaction_bytes_limit: 274877906944
2022/06/19-17:03:53.884657 7fc729703cc0       Options.rate_limit_delay_max_milliseconds: 100
2022/06/19-17:03:53.884657 7fc729703cc0                Options.disable_auto_compactions: 1
2022/06/19-17:03:53.884660 7fc729703cc0                        Options.compaction_style: kCompactionStyleLevel
2022/06/19-17:03:53.884661 7fc729703cc0                          Options.compaction_pri: kMinOverlappingRatio
2022/06/19-17:03:53.884662 7fc729703cc0 Options.compaction_options_universal.size_ratio: 1
2022/06/19-17:03:53.884662 7fc729703cc0 Options.compaction_options_universal.min_merge_width: 2
2022/06/19-17:03:53.884663 7fc729703cc0 Options.compaction_options_universal.max_merge_width: 4294967295
2022/06/19-17:03:53.884664 7fc729703cc0 Options.compaction_options_universal.max_size_amplification_percent: 200
2022/06/19-17:03:53.884664 7fc729703cc0 Options.compaction_options_universal.compression_size_percent: -1
2022/06/19-17:03:53.884665 7fc729703cc0 Options.compaction_options_universal.stop_style: kCompactionStopStyleTotalSize
2022/06/19-17:03:53.884665 7fc729703cc0 Options.compaction_options_fifo.max_table_files_size: 1073741824
2022/06/19-17:03:53.884666 7fc729703cc0 Options.compaction_options_fifo.allow_compaction: 0
2022/06/19-17:03:53.884667 7fc729703cc0                   Options.table_properties_collectors: 
2022/06/19-17:03:53.884668 7fc729703cc0                   Options.inplace_update_support: 0
2022/06/19-17:03:53.884668 7fc729703cc0                 Options.inplace_update_num_locks: 10000
2022/06/19-17:03:53.884669 7fc729703cc0               Options.memtable_prefix_bloom_size_ratio: 0.000000
2022/06/19-17:03:53.884670 7fc729703cc0               Options.memtable_whole_key_filtering: 0
2022/06/19-17:03:53.884670 7fc729703cc0   Options.memtable_huge_page_size: 0
2022/06/19-17:03:53.884671 7fc729703cc0                           Options.bloom_locality: 0
2022/06/19-17:03:53.884671 7fc729703cc0                    Options.max_successive_merges: 0
2022/06/19-17:03:53.884672 7fc729703cc0                Options.optimize_filters_for_hits: 0
2022/06/19-17:03:53.884673 7fc729703cc0                Options.paranoid_file_checks: 0
2022/06/19-17:03:53.884673 7fc729703cc0                Options.force_consistency_checks: 1
2022/06/19-17:03:53.884674 7fc729703cc0                Options.report_bg_io_stats: 0
2022/06/19-17:03:53.884674 7fc729703cc0                               Options.ttl: 2592000
2022/06/19-17:03:53.884675 7fc729703cc0          Options.periodic_compaction_seconds: 2592000
2022/06/19-17:03:53.884675 7fc729703cc0                    Options.enable_blob_files: false
2022/06/19-17:03:53.884676 7fc729703cc0                        Options.min_blob_size: 0
2022/06/19-17:03:53.884677 7fc729703cc0                       Options.blob_file_size: 268435456
2022/06/19-17:03:53.884677 7fc729703cc0                Options.blob_compression_type: NoCompression
2022/06/19-17:03:53.884678 7fc729703cc0       Options.enable_blob_garbage_collection: false
2022/06/19-17:03:53.884678 7fc729703cc0   Options.blob_garbage_collection_age_cutoff: 0.250000
2022/06/19-17:03:53.884692 7fc729703cc0 [db/column_family.cc:595] --------------- Options for column family [CES]:
2022/06/19-17:03:53.884693 7fc729703cc0               Options.comparator: leveldb.BytewiseComparator
2022/06/19-17:03:53.884694 7fc729703cc0           Options.merge_operator: None
2022/06/19-17:03:53.884694 7fc729703cc0        Options.compaction_filter: filter_outdated
2022/06/19-17:03:53.884695 7fc729703cc0        Options.compaction_filter_factory: None
2022/06/19-17:03:53.884696 7fc729703cc0  Options.sst_partitioner_factory: None
2022/06/19-17:03:53.884696 7fc729703cc0         Options.memtable_factory: SkipListFactory
2022/06/19-17:03:53.884697 7fc729703cc0            Options.table_factory: BlockBasedTable
2022/06/19-17:03:53.884704 7fc729703cc0            table_factory options:   flush_block_policy_factory: FlushBlockBySizePolicyFactory (0x55e5d73a1e90)
  cache_index_and_filter_blocks: 0
  cache_index_and_filter_blocks_with_high_priority: 1
  pin_l0_filter_and_index_blocks_in_cache: 0
  pin_top_level_index_and_filter: 1
  index_type: 0
  data_block_index_type: 0
  index_shortening: 1
  data_block_hash_table_util_ratio: 0.750000
  hash_index_allow_collision: 1
  checksum: 1
  no_block_cache: 0
  block_cache: 0x55e5d73ac580
  block_cache_name: LRUCache
  block_cache_options:
    capacity : 8388608
    num_shard_bits : 4
    strict_capacity_limit : 0
    memory_allocator : None
    high_pri_pool_ratio: 0.000
  block_cache_compressed: (nil)
  persistent_cache: (nil)
  block_size: 4096
  block_size_deviation: 10
  block_restart_interval: 16
  index_block_restart_interval: 1
  metadata_block_size: 4096
  partition_filters: 0
  use_delta_encoding: 1
  filter_policy: nullptr
  whole_key_filtering: 1
  verify_compression: 0
  read_amp_bytes_per_bit: 0
  format_version: 4
  enable_index_compression: 1
  block_align: 0
2022/06/19-17:03:53.884708 7fc729703cc0        Options.write_buffer_size: 67108864
2022/06/19-17:03:53.884709 7fc729703cc0  Options.max_write_buffer_number: 2
2022/06/19-17:03:53.884709 7fc729703cc0          Options.compression: NoCompression
2022/06/19-17:03:53.884710 7fc729703cc0                  Options.bottommost_compression: Disabled
2022/06/19-17:03:53.884710 7fc729703cc0       Options.prefix_extractor: nullptr
2022/06/19-17:03:53.884711 7fc729703cc0   Options.memtable_insert_with_hint_prefix_extractor: nullptr
2022/06/19-17:03:53.884712 7fc729703cc0             Options.num_levels: 7
2022/06/19-17:03:53.884712 7fc729703cc0        Options.min_write_buffer_number_to_merge: 1
2022/06/19-17:03:53.884713 7fc729703cc0     Options.max_write_buffer_number_to_maintain: 0
2022/06/19-17:03:53.884713 7fc729703cc0     Options.max_write_buffer_size_to_maintain: 0
2022/06/19-17:03:53.884714 7fc729703cc0            Options.bottommost_compression_opts.window_bits: -14
2022/06/19-17:03:53.884715 7fc729703cc0                  Options.bottommost_compression_opts.level: 32767
2022/06/19-17:03:53.884715 7fc729703cc0               Options.bottommost_compression_opts.strategy: 0
2022/06/19-17:03:53.884716 7fc729703cc0         Options.bottommost_compression_opts.max_dict_bytes: 0
2022/06/19-17:03:53.884716 7fc729703cc0         Options.bottommost_compression_opts.zstd_max_train_bytes: 0
2022/06/19-17:03:53.884717 7fc729703cc0         Options.bottommost_compression_opts.parallel_threads: 1
2022/06/19-17:03:53.884718 7fc729703cc0                  Options.bottommost_compression_opts.enabled: false
2022/06/19-17:03:53.884718 7fc729703cc0            Options.compression_opts.window_bits: -14
2022/06/19-17:03:53.884719 7fc729703cc0                  Options.compression_opts.level: 32767
2022/06/19-17:03:53.884719 7fc729703cc0               Options.compression_opts.strategy: 0
2022/06/19-17:03:53.884720 7fc729703cc0         Options.compression_opts.max_dict_bytes: 0
2022/06/19-17:03:53.884721 7fc729703cc0         Options.compression_opts.zstd_max_train_bytes: 0
2022/06/19-17:03:53.884721 7fc729703cc0         Options.compression_opts.parallel_threads: 1
2022/06/19-17:03:53.884722 7fc729703cc0                  Options.compression_opts.enabled: false
2022/06/19-17:03:53.884722 7fc729703cc0      Options.level0_file_num_compaction_trigger: 4
2022/06/19-17:03:53.884723 7fc729703cc0          Options.level0_slowdown_writes_trigger: 20
2022/06/19-17:03:53.884724 7fc729703cc0              Options.level0_stop_writes_trigger: 36
2022/06/19-17:03:53.884724 7fc729703cc0                   Options.target_file_size_base: 67108864
2022/06/19-17:03:53.884725 7fc729703cc0             Options.target_file_size_multiplier: 1
2022/06/19-17:03:53.884725 7fc729703cc0                Options.max_bytes_for_level_base: 268435456
2022/06/19-17:03:53.884726 7fc729703cc0 Options.level_compaction_dynamic_level_bytes: 0
2022/06/19-17:03:53.884726 7fc729703cc0          Options.max_bytes_for_level_multiplier: 10.000000
2022/06/19-17:03:53.884727 7fc729703cc0 Options.max_bytes_for_level_multiplier_addtl[0]: 1
2022/06/19-17:03:53.884728 7fc729703cc0 Options.max_bytes_for_level_multiplier_addtl[1]: 1
2022/06/19-17:03:53.884729 7fc729703cc0 Options.max_bytes_for_level_multiplier_addtl[2]: 1
2022/06/19-17:03:53.884729 7fc729703cc0 Options.max_bytes_for_level_multiplier_addtl[3]: 1
2022/06/19-17:03:53.884730 7fc729703cc0 Options.max_bytes_for_level_multiplier_addtl[4]: 1
2022/06/19-17:03:53.884733 7fc729703cc0 Options.max_bytes_for_level_multiplier_addtl[5]: 1
2022/06/19-17:03:53.884734 7fc729703cc0 Options.max_bytes_for_level_multiplier_addtl[6]: 1
2022/06/19-17:03:53.884734 7fc729703cc0       Options.max_sequential_skip_in_iterations: 8
2022/06/19-17:03:53.884735 7fc729703cc0                    Options.max_compaction_bytes: 1677721600
2022/06/19-17:03:53.884735 7fc729703cc0                        Options.arena_block_size: 8388608
2022/06/19-17:03:53.884736 7fc729703cc0   Options.soft_pending_compaction_bytes_limit: 68719476736
2022/06/19-17:03:53.884737 7fc729703cc0   Options.hard_pending_compaction_bytes_limit: 274877906944
2022/06/19-17:03:53.884737 7fc729703cc0       Options.rate_limit_delay_max_milliseconds: 100
2022/06/19-17:03:53.884738 7fc729703cc0                Options.disable_auto_compactions: 1
2022/06/19-17:03:53.884739 7fc729703cc0                        Options.compaction_style: kCompactionStyleLevel
2022/06/19-17:03:53.884739 7fc729703cc0                          Options.compaction_pri: kMinOverlappingRatio
2022/06/19-17:03:53.884740 7fc729703cc0 Options.compaction_options_universal.size_ratio: 1
2022/06/19-17:03:53.884741 7fc729703cc0 Options.compaction_options_universal.min_merge_width: 2
2022/06/19-17:03:53.884741 7fc729703cc0 Options.compaction_options_universal.max_merge_width: 4294967295
2022/06/19-17:03:53.884742 7fc729703cc0 Options.compaction_options_universal.max_size_amplification_percent: 200
2022/06/19-17:03:53.884742 7fc729703cc0 Options.compaction_options_universal.compression_size_percent: -1
2022/06/19-17:03:53.884743 7fc729703cc0 Options.compaction_options_universal.stop_style: kCompactionStopStyleTotalSize
2022/06/19-17:03:53.884744 7fc729703cc0 Options.compaction_options_fifo.max_table_files_size: 1073741824
2022/06/19-17:03:53.884744 7fc729703cc0 Options.compaction_options_fifo.allow_compaction: 0
2022/06/19-17:03:53.884745 7fc729703cc0                   Options.table_properties_collectors: 
2022/06/19-17:03:53.884746 7fc729703cc0                   Options.inplace_update_support: 0
2022/06/19-17:03:53.884747 7fc729703cc0                 Options.inplace_update_num_locks: 10000
2022/06/19-17:03:53.884747 7fc729703cc0               Options.memtable_prefix_bloom_size_ratio: 0.000000
2022/06/19-17:03:53.884748 7fc729703cc0               Options.memtable_whole_key_filtering: 0
2022/06/19-17:03:53.884748 7fc729703cc0   Options.memtable_huge_page_size: 0
2022/06/19-17:03:53.884749 7fc729703cc0                           Options.bloom_locality: 0
2022/06/19-17:03:53.884750 7fc729703cc0                    Options.max_successive_merges: 0
2022/06/19-17:03:53.884750 7fc729703cc0                Options.optimize_filters_for_hits: 0
2022/06/19-17:03:53.884751 7fc729703cc0                Options.paranoid_file_checks: 0
2022/06/19-17:03:53.884751 7fc729703cc0                Options.force_consistency_checks: 1
2022/06/19-17:03:53.884752 7fc729703cc0                Options.report_bg_io_stats: 0
2022/06/19-17:03:53.884753 7fc729703cc0                               Options.ttl: 2592000
2022/06/19-17:03:53.884753 7fc729703cc0          Options.periodic_compaction_seconds: 2592000
2022/06/19-17:03:53.884754 7fc729703cc0                    Options.enable_blob_files: false
2022/06/19-17:03:53.884754 7fc729703cc0                        Options.min_blob_size: 0
2022/06/19-17:03:53.884755 7fc729703cc0                       Options.blob_file_size: 268435456
2022/06/19-17:03:53.884756 7fc729703cc0                Options.blob_compression_type: NoCompression
2022/06/19-17:03:53.884756 7fc729703cc0       Options.enable_blob_garbage_collection: false
2022/06/19-17:03:53.884757 7fc729703cc0   Options.blob_garbage_collection_age_cutoff: 0.250000
2022/06/19-17:03:53.886650 7fc729703cc0 [db/version_set.cc:4798] Recovered from manifest file:/home/moon/OpenProject/my-app/template-react-ts/.dfx/state/replicated_state/node-100/ic_consensus_pool/certification/MANIFEST-000021 succeeded,manifest_file_number is 21, next_file_number is 40, last_sequence is 23204, log_number is 36,prev_log_number is 0,max_column_family is 2,min_log_number_to_keep is 0
2022/06/19-17:03:53.886661 7fc729703cc0 [db/version_set.cc:4813] Column family [default] (ID 0), log number is 15
2022/06/19-17:03:53.886662 7fc729703cc0 [db/version_set.cc:4813] Column family [CE] (ID 1), log number is 33
2022/06/19-17:03:53.886663 7fc729703cc0 [db/version_set.cc:4813] Column family [CES] (ID 2), log number is 36
2022/06/19-17:03:53.886697 7fc729703cc0 [db/version_set.cc:4112] Creating manifest 40
2022/06/19-17:03:53.894921 7fc729703cc0 EVENT_LOG_v1 {"time_micros": 1655654633894918, "job": 1, "event": "recovery_started", "wal_files": [33, 36]}
2022/06/19-17:03:53.894926 7fc729703cc0 [db/db_impl/db_impl_open.cc:847] Recovering log #33 mode 2
2022/06/19-17:03:53.894948 7fc729703cc0 [db/db_impl/db_impl_open.cc:847] Recovering log #36 mode 2
2022/06/19-17:03:53.902170 7fc729703cc0 EVENT_LOG_v1 {"time_micros": 1655654633902154, "cf_name": "CE", "job": 1, "event": "table_file_creation", "file_number": 41, "file_size": 839147, "file_checksum": "", "file_checksum_func_name": "Unknown", "table_properties": {"data_size": 834369, "index_size": 3930, "index_partitions": 0, "top_level_index_size": 0, "index_key_is_user_key": 1, "index_value_is_delta_encoded": 1, "filter_size": 0, "raw_key_size": 196752, "raw_average_key_size": 48, "raw_value_size": 643543, "raw_average_value_size": 157, "num_data_blocks": 205, "num_entries": 4099, "num_deletions": 0, "num_merge_operands": 0, "num_range_deletions": 0, "format_version": 0, "fixed_key_len": 0, "filter_policy": "", "column_family_name": "CE", "column_family_id": 1, "comparator": "leveldb.BytewiseComparator", "merge_operator": "nullptr", "prefix_extractor_name": "nullptr", "property_collectors": "[]", "compression": "NoCompression", "compression_options": "window_bits=-14; level=32767; strategy=0; max_dict_bytes=0; zstd_max_train_bytes=0; enabled=0; ", "creation_time": 1655654633, "oldest_key_time": 0, "file_creation_time": 0, "db_id": "b8f2aeda-abfe-4514-8274-6dfa6dd32af3", "db_session_id": "FVXW4ZKG63JM5JBQRWIV"}}
